2

210000  3.000000e-01

1

361

3    3

23   23

19   19

0    1    2    3    4    5    6    7    8    9    10   11   12   13   14   15   16   17   18   19   20   21   22   23   24   25   26   27   28   29   30   31   32   33   34   35   36   37   38   39   40   41   42   43   44   45   46   47   48   49   50   51   52   53   54   55   56   57   58   59   60   61   62   63   64   65   66   67   68   69   70   71   72   73   74   75   76   77   78   79   80   81   82   83   84   85   86   87   88   89   90   91   92   93   94   95   96   97   98   99   100  101  102  103  104  105  106  107  108  109  110  111  112  113  114  115  116  117  118  119  120  121  122  123  124  125  126  127  128  129  130  131  132  133  134  135  136  137  138  139  140  141  142  143  144  145  146  147  148  149  150  151  152  153  154  155  156  157  158  159  160  161  162  163  164  165  166  167  168  169  170  171  172  173  174  175  176  177  178  179  180  181  182  183  184  185  186  187  188  189  190  191  192  193  194  195  196  197  198  199  200  201  202  203  204  205  206  207  208  209  210  211  212  213  214  215  216  217  218  219  220  221  222  223  224  225  226  227  228  229  230  231  232  233  234  235  236  237  238  239  240  241  242  243  244  245  246  247  248  249  250  251  252  253  254  255  256  257  258  259  260  261  262  263  264  265  266  267  268  269  270  271  272  273  274  275  276  277  278  279  280  281  282  283  284  285  286  287  288  289  290  291  292  293  294  295  296  297  298  299  300  301  302  303  304  305  306  307  308  309  310  311  312  313  314  315  316  317  318  319  320  321  322  323  324  325  326  327  328  329  330  331  332  333  334  335  336  337  338  339  340  341  342  343  344  345  346  347  348  349  350  351  352  353  354  355  356  357  358  359  360

38   0    1

0.0000000000000000e+00  0.0000000000000000e+00  0.0000000000000000e+00  0.0000000000000000e+00  6.2500000000000000e-02  1.2500000000000000e-01  1.8750000000000000e-01  2.5000000000000000e-01  3.1250000000000000e-01  3.7500000000000000e-01  4.3750000000000000e-01  5.0000000000000000e-01  5.6250000000000000e-01  6.2500000000000000e-01  6.8750000000000000e-01  7.5000000000000000e-01  8.1250000000000000e-01  8.7500000000000000e-01  9.3750000000000000e-01  1.0000000000000000e+00  1.0000000000000000e+00  1.0000000000000000e+00  1.0000000000000000e+00
0.0000000000000000e+00  0.0000000000000000e+00  0.0000000000000000e+00  0.0000000000000000e+00  6.2500000000000000e-02  1.2500000000000000e-01  1.8750000000000000e-01  2.5000000000000000e-01  3.1250000000000000e-01  3.7500000000000000e-01  4.3750000000000000e-01  5.0000000000000000e-01  5.6250000000000000e-01  6.2500000000000000e-01  6.8750000000000000e-01  7.5000000000000000e-01  8.1250000000000000e-01  8.7500000000000000e-01  9.3750000000000000e-01  1.0000000000000000e+00  1.0000000000000000e+00  1.0000000000000000e+00  1.0000000000000000e+00

0     5.0000000000000000e+00  0.0000000000000000e+00  1.0000000000000000e+00
1     5.5208333333333304e+00  0.0000000000000000e+00  1.0000000000000000e+00
2     6.5625000000000000e+00  0.0000000000000000e+00  1.0000000000000000e+00
3     8.1250000000000107e+00  0.0000000000000000e+00  1.0000000000000000e+00
4     9.6875000000000107e+00  0.0000000000000000e+00  1.0000000000000000e+00
5     1.1250000000000000e+01  0.0000000000000000e+00  1.0000000000000000e+00
6     1.2812500000000000e+01  0.0000000000000000e+00  1.0000000000000000e+00
7     1.4375000000000000e+01  0.0000000000000000e+00  1.0000000000000000e+00
8     1.5937500000000000e+01  0.0000000000000000e+00  1.0000000000000000e+00
9     1.7500000000000000e+01  0.0000000000000000e+00  1.0000000000000000e+00
10    1.9062500000000000e+01  0.0000000000000000e+00  1.0000000000000000e+00
11    2.0625000000000000e+01  0.0000000000000000e+00  1.0000000000000000e+00
12    2.2187500000000000e+01  0.0000000000000000e+00  1.0000000000000000e+00
13    2.3750000000000000e+01  0.0000000000000000e+00  1.0000000000000000e+00
14    2.5312500000000000e+01  0.0000000000000000e+00  1.0000000000000000e+00
15    2.6875000000000000e+01  0.0000000000000000e+00  1.0000000000000000e+00
16    2.8437500000000000e+01  0.0000000000000000e+00  1.0000000000000000e+00
17    2.9479166666666700e+01  0.0000000000000000e+00  1.0000000000000000e+00
18    3.0000000000000000e+01  0.0000000000000000e+00  1.0000000000000000e+00
19    5.0000000000000000e+00  1.4913392589678900e-01  9.8779611588277305e-01
20    5.5228436653339203e+00  1.6622781201752301e-01  9.8805036346854802e-01
21    6.5682599873863499e+00  2.0045119523699600e-01  9.8855885864009896e-01
22    8.1359756934723393e+00  2.5600255897192098e-01  9.8932160139742598e-01
23    9.7028808825610895e+00  3.1984055682055401e-01  9.9008434415475299e-01
24    1.1268977426432800e+01  3.9603617315462403e-01  9.9084708691208001e-01
25    1.2834267191108401e+01  4.8864786679901101e-01  9.9160982966940603e-01
26    1.4398752036872200e+01  6.0172161916775202e-01  9.9237257242673305e-01
27    1.5962433818293400e+01  7.3929098217822298e-01  9.9313531518405995e-01
28    1.7525314384248301e+01  9.0537712594471398e-01  9.9389805794138597e-01
29    1.9087395577942001e+01  1.1039888862525500e+00  9.9466080069871299e-01
30    2.0648679236930100e+01  1.3391228118139600e+00  9.9542354345604001e-01
31    2.2209167193140601e+01  1.6147632113068300e+00  9.9618628621336702e-01
32    2.3768861272895201e+01  1.9348822001976000e+00  9.9694902897069304e-01
33    2.5327763296930598e+01  2.3034397473492700e+00  9.9771177172801995e-01
34    2.6885875080420099e+01  2.7243837214158502e+00  9.9847451448534696e-01
35    2.8443198432994901e+01  3.2016499370243801e+00  9.9923725724267298e-01
36    2.9481153481073299e+01  3.5600825768051001e+00  9.9974575241422403e-01
37    3.0000000000000000e+01  3.7500000000000000e+00  1.0000000000000000e+00
38    4.9865057035293496e+00  4.5242208939064299e-01  9.6491383316297197e-01
39    5.5117953468363599e+00  5.0428718249079796e-01  9.6564479497207700e-01
40    6.5630220565762096e+00  6.0954036754679797e-01  9.6710671859028596e-01
41    8.1422906489087907e+00  7.8236869963586098e-01  9.6929960401759996e-01
42    9.7220923885759696e+00  9.8018353351153298e-01  9.7149248944491495e-01
43    1.1301732729981399e+01  1.2130509115826900e+00  9.7368537487222895e-01
44    1.2880523370352000e+01  1.4909463990804599e+00  9.7587826029954305e-01
45    1.4457782179754700e+01  1.8237560983304100e+00  9.7807114572685705e-01
46    1.6032833132051699e+01  2.2212776494111202e+00  9.8026403115417204e-01
47    1.7605006236781300e+01  2.6932212174114900e+00  9.8245691658148604e-01
48    1.9173637471947899e+01  3.2492104664960300e+00  9.8464980200880003e-01
49    2.0738068717709101e+01  3.8987835209831498e+00  9.8684268743611403e-01
50    2.2297647690944700e+01  4.6513939136380600e+00  9.8903557286342902e-01
51    2.3851727880693598e+01  5.5164115213782399e+00  9.9122845829074302e-01
52    2.5399668484446501e+01  6.5031234885860796e+00  9.9342134371805701e-01
53    2.6940834345280201e+01  7.6207351382196400e+00  9.9561422914537201e-01
54    2.8474595889821401e+01  8.8783708709093094e+00  9.9780711457268600e-01
55    2.9492495386948800e+01  9.8168596579145309e+00  9.9926903819089496e-01
56    3.0000000000000000e+01  1.0312500000000000e+01  1.0000000000000000e+00
57    4.9234205295700901e+00  9.1344098705836996e-01  9.3516686562723095e-01
58    5.4473015760117001e+00  1.0181405892999500e+00  9.3651755592666297e-01
59    6.5006458561005003e+00  1.2347031225766900e+00  9.3921893652552901e-01
60    8.0962399254396207e+00  1.5955516431460799e+00  9.4327100742382697e-01
61    9.7016855345699007e+00  2.0056530342603800e+00  9.4732307832212503e-01
62    1.1313597315537701e+01  2.4784909297820601e+00  9.5137514922042299e-01
63    1.2928647331246300e+01  3.0273202213346400e+00  9.5542722011872105e-01
64    1.4543563862746300e+01  3.6651718884213200e+00  9.5947929101701901e-01
65    1.6155130227126200e+01  4.4048577066671299e+00  9.6353136191531696e-01
66    1.7760183625105700e+01  5.2589748377572301e+00  9.6758343281361503e-01
67    1.9355614017464902e+01  6.2399103045250399e+00  9.7163550371191298e-01
68    2.0938363029470398e+01  7.3598453545289901e+00  9.7568757461021105e-01
69    2.2505422882488599e+01  8.6307597153463398e+00  9.7973964550850901e-01
70    2.4053835352002402e+01  1.0064435744705900e+01  9.8379171640680796e-01
71    2.5580690751272101e+01  1.1672462478479400e+01  9.8784378730510602e-01
72    2.7083126939907999e+01  1.3466239579452200e+01  9.9189585820340398e-01
73    2.8558328356645699e+01  1.5456981189699500e+01  9.9594792910170205e-01
74    2.9523095938186199e+01  1.6924789410425799e+01  9.9864930970056698e-01
75    3.0000000000000000e+01  1.7695312500000000e+01  1.0000000000000000e+00
76    4.8139873500909296e+00  1.3799076594619599e+00  9.0999635463544903e-01
77    5.3310345875142700e+00  1.5377857695689801e+00  9.1187143058054398e-01
78    6.3783701614690402e+00  1.8687901667711500e+00  9.1562158247073400e-01
79    7.9849173846493304e+00  2.4252238388087002e+00  9.2124681030601796e-01
80    9.6163330868281491e+00  3.0531363282577901e+00  9.2687203814130303e-01
81    1.1265358470069399e+01  3.7647990168723999e+00  9.3249726597658700e-01
82    1.2924908839040601e+01  4.5721889567483798e+00  9.3812249381187096e-01
83    1.4588068412302199e+01  5.4869976421136002e+00  9.4374772164715603e-01
84    1.6248085318061801e+01  6.5206394692701402e+00  9.4937294948244000e-01
85    1.7898366766787099e+01  7.6842598975469203e+00  9.5499817731772496e-01
86    1.9532474393428899e+01  8.9887433235183103e+00  9.6062340515300904e-01
87    2.1144119762341401e+01  1.0444720680173900e+01  9.6624863298829400e-01
88    2.2727160028308599e+01  1.2062576772183199e+01  9.7187386082357796e-01
89    2.4275593747387401e+01  1.3852457357886401e+01  9.7749908865886204e-01
90    2.5783556831568202e+01  1.5824275988154801e+01  9.8312431649414700e-01
91    2.7245318641524300e+01  1.7987720611804800e+01  9.8874954432943096e-01
92    2.8655278211982299e+01  2.0352259956807998e+01  9.9437477216471604e-01
93    2.9558760571695000e+01  2.2072077905620201e+01  9.9812492405490505e-01
94    3.0000000000000000e+01  2.2968750000000000e+01  1.0000000000000000e+00
95    4.6559604317767302e+00  1.8450839594845001e+00  8.8940230018762900e-01
96    5.1604471530353999e+00  2.0555874949524502e+00  8.9170641893372005e-01
97    6.1920110600070304e+00  2.5012979815659300e+00  8.9631465642590202e-01
98    7.7991683663523101e+00  3.2542909511434499e+00  9.0322701266417504e-01
99    9.4500697213032296e+00  4.0977667781663900e+00  9.1013936890244795e-01
100   1.1133019915960400e+01  5.0392782920239698e+00  9.1705172514072097e-01
101   1.2836673718016900e+01  6.0861523053223499e+00  9.2396408137899499e-01
102   1.4550022877751999e+01  7.2454980054844098e+00  9.3087643761726802e-01
103   1.6262383708690301e+01  8.5242149752273892e+00  9.3778879385554104e-01
104   1.7963385213493400e+01  9.9290008609264895e+00  9.4470115009381395e-01
105   1.9642957727360798e+01  1.1466358706768601e+01  9.5161350633208697e-01
106   2.1291322052814401e+01  1.3142603971566601e+01  9.5852586257036099e-01
107   2.2898979061241999e+01  1.4963871244140201e+01  9.6543821880863401e-01
108   2.4456699737970201e+01  1.6936120672260699e+01  9.7235057504690703e-01
109   2.5955515648952399e+01  1.9065144119316500e+01  9.7926293128518005e-01
110   2.7386709808385898e+01  2.1356571062055099e+01  9.8617528752345396e-01
111   2.8741807927722501e+01  2.3815874242019600e+01  9.9308764376172698e-01
112   2.9590939160177800e+01  2.5574927870845698e+01  9.9769588125390896e-01
113   3.0000000000000000e+01  2.6484375000000000e+01  1.0000000000000000e+00
114   4.4483864532163500e+00  2.3015661630313198e+00  8.7338470228376797e-01
115   4.9343986384405900e+00  2.5631859870781102e+00  8.7602252098618905e-01
116   5.9388491331236803e+00  3.1207464908305100e+00  8.8129815839103198e-01
117   7.5310246790718196e+00  4.0641353706073700e+00  8.8921161449829700e-01
118   9.1876188037561803e+00  5.1126873663806203e+00  8.9712507060556201e-01
119   1.0892678946366299e+01  6.2670209910497299e+00  9.0503852671282603e-01
120   1.2630805652463801e+01  7.5277333124665597e+00  9.1295198282009005e-01
121   1.4387128808387400e+01  8.8954008748753495e+00  9.2086543892735495e-01
122   1.6147285090595201e+01  1.0370580573247100e+01  9.2877889503461897e-01
123   1.7897396558095100e+01  1.1953810483294200e+01  9.3669235114188398e-01
124   1.9624050320928902e+01  1.3645610649764000e+01  9.4460580724914800e-01
125   2.1314279222133401e+01  1.5446483835438400e+01  9.5251926335641302e-01
126   2.2955543474723001e+01  1.7356916233105000e+01  9.6043271946367703e-01
127   2.4535713199063000e+01  1.9377378142617800e+01  9.6834617557094205e-01
128   2.6043051809544199e+01  2.1508324615029899e+01  9.7625963167820595e-01
129   2.7466200202754901e+01  2.3750196065649501e+01  9.8417308778547097e-01
130   2.8794161702400000e+01  2.6103418857755901e+01  9.9208654389273598e-01
131   2.9611067228838898e+01  2.7751089782165099e+01  9.9736218129757803e-01
132   3.0000000000000000e+01  2.8593750000000000e+01  1.0000000000000000e+00
133   4.1918095164065399e+00  2.7415985551920898e+00  8.6194356092386704e-01
134   4.6533780942515897e+00  3.0518456126129401e+00  8.6481973673795398e-01
135   5.6179258695503798e+00  3.7151365448417502e+00  8.7057208836612598e-01
136   7.1741891058970904e+00  4.8353080670764896e+00  8.7920061580838405e-01
137   8.8150970974439407e+00  6.0699879493075004e+00  8.8782914325064199e-01
138   1.0521449669028200e+01  7.4120545467853001e+00  8.9645767069290005e-01
139   1.2274778815477900e+01  8.8546577880416795e+00  9.0508619813515900e-01
140   1.4057314130926001e+01  1.0391206352082600e+01  9.1371472557741695e-01
141   1.5851950178579401e+01  1.2015355565326200e+01  9.2234325301967501e-01
142   1.7642215675048600e+01  1.3720995971589000e+01  9.3097178046193396e-01
143   1.9412244372593999e+01  1.5502242531857100e+01  9.3960030790419202e-01
144   2.1146747531136100e+01  1.7353424413724401e+01  9.4822883534644997e-01
145   2.2830987879679501e+01  1.9269075333278700e+01  9.5685736278870803e-01
146   2.4450754973973599e+01  2.1243924414872900e+01  9.6548589023096698e-01
147   2.5992341863838000e+01  2.3272887536671700e+01  9.7411441767322504e-01
148   2.7442522989658599e+01  2.5351059132117300e+01  9.8274294511548299e-01
149   2.8788533233168401e+01  2.7473704419536599e+01  9.9137147255774205e-01
150   2.9610574113683899e+01  2.8919561367985001e+01  9.9712382418591405e-01
151   3.0000000000000000e+01  2.9648437500000000e+01  1.0000000000000000e+00
152   3.8883822768960998e+00  3.1574555548551801e+00  8.5507887610792699e-01
153   4.3196276496189503e+00  3.5128767223536199e+00  8.5809806618901197e-01
154   5.2302442558185502e+00  4.2725005758484196e+00  8.6413644635118203e-01
155   6.7244582917034696e+00  5.5483537826371903e+00  8.7319401659443596e-01
156   8.3207026629238694e+00  6.9418038943143499e+00  8.8225158683769100e-01
157   9.9984128429888592e+00  8.4386550987972093e+00  8.9130915708094505e-01
158   1.1737851811078601e+01  1.0025282815974199e+01  9.0036672732419998e-01
159   1.3520068843607200e+01  1.1688605251281700e+01  9.0942429756745402e-01
160   1.5326860744038200e+01  1.3416056632419799e+01  9.1848186781070895e-01
161   1.7140735344280401e+01  1.5195562014154600e+01  9.2753943805396399e-01
162   1.8944877123893299e+01  1.7015513545055299e+01  9.3659700829721804e-01
163   2.0723114805105599e+01  1.8864748098148301e+01  9.4565457854047297e-01
164   2.2459890792435800e+01  2.0732526174908401e+01  9.5471214878372701e-01
165   2.4140232335562601e+01  2.2608511998821900e+01  9.6376971902698205e-01
166   2.5749724303134300e+01  2.4482754720988499e+01  9.7282728927023598e-01
167   2.7274483463496502e+01  2.6345670665958600e+01  9.8188485951349103e-01
168   2.8701134175918600e+01  2.8188026551245301e+01  9.9094242975674596e-01
169   2.9580891147423099e+01  2.9400284633847701e+01  9.9698080991891502e-01
170   3.0000000000000000e+01  3.0000000000000000e+01  1.0000000000000000e+00
171   3.5418583253828699e+00  3.5418583253828699e+00  8.5279064783594705e-01
172   3.9371398535286799e+00  3.9380936349539799e+00  8.5585750933936500e-01
173   4.7788408923048697e+00  4.7815002301721803e+00  8.6199123234620001e-01
174   6.1800362531777804e+00  6.1847049271656802e+00  8.7119181685645397e-01
175   7.6953231979582801e+00  7.7014953558495396e+00  8.8039240136670704e-01
176   9.3055178615774707e+00  9.3127378323516297e+00  8.8959298587696001e-01
177   1.0992221888688000e+01  1.1000082127783299e+01  8.9879357038721397e-01
178   1.2737782636334099e+01  1.2745921775011400e+01  9.0799415489746704e-01
179   1.4525255771917200e+01  1.4533356764460200e+01  9.1719473940772001e-01
180   1.6338370099932700e+01  1.6346158462854198e+01  9.2639532391797397e-01
181   1.8161494464055099e+01  1.8168736601881299e+01  9.3559590842822704e-01
182   1.9979606583101098e+01  1.9986108195674898e+01  9.4479649293848000e-01
183   2.1778263690315100e+01  2.1783868256900501e+01  9.5399707744873397e-01
184   2.3543574855397800e+01  2.3548162191185000e+01  9.6319766195898704e-01
185   2.5262174877825899e+01  2.5265659758726400e+01  9.7239824646924000e-01
186   2.6921199648369601e+01  2.6923530500260402e+01  9.8159883097949396e-01
187   2.8508262883370001e+01  2.8509420532196199e+01  9.9079941548974704e-01
188   2.9513459856601500e+01  2.9513841011060698e+01  9.9693313849658205e-01
189   3.0000000000000000e+01  3.0000000000000000e+01  1.0000000000000000e+00
190   3.1574555548551899e+00  3.8883822768960998e+00  8.5507887610792699e-01
191   3.5115177351647602e+00  4.3202618436404103e+00  8.5809806618901197e-01
192   4.2687109528832998e+00  5.2320127465356103e+00  8.6413644635118203e-01
193   5.5416995413500496e+00  6.7275636043041400e+00  8.7319401659443596e-01
194   6.9330051069056502e+00  8.3248087637146000e+00  8.8225158683769100e-01
195   8.4283607143950192e+00  1.0003216889043200e+01  8.9130915708094505e-01
196   1.0014073522589101e+01  1.1743082814658299e+01  9.0036672732419998e-01
197   1.1676996195240701e+01  1.3525486403093099e+01  9.0942429756745402e-01
198   1.3404500003712700e+01  1.5332253837434800e+01  9.1848186781070895e-01
199   1.5184449505548599e+01  1.7145921181629902e+01  9.2753943805396399e-01
200   1.7005178692302700e+01  1.8949700055177800e+01  9.3659700829721804e-01
201   1.8855468508119799e+01  2.0727445280452201e+01  9.4565457854047297e-01
202   2.0724525648033701e+01  2.2463624371644102e+01  9.5471214878372701e-01
203   2.2601962551794600e+01  2.4143288744175301e+01  9.6376971902698205e-01
204   2.4477778515309900e+01  2.5752046532451001e+01  9.7282728927023598e-01
205   2.6342341847529202e+01  2.7276036912096899e+01  9.8188485951349103e-01
206   2.8186373005884501e+01  2.8701905830420301e+01  9.9094242975674596e-01
207   2.9399740153513498e+01  2.9581145238245700e+01  9.9698080991891502e-01
208   3.0000000000000000e+01  3.0000000000000000e+01  1.0000000000000000e+00
209   2.7415985551921001e+00  4.1918095164065301e+00  8.6194356092386704e-01
210   3.0500814236536300e+00  4.6537713847839104e+00  8.6481973673795398e-01
211   3.7102151071224201e+00  5.6190230053476800e+00  8.7057208836612598e-01
212   4.8266615795658199e+00  7.1761166668071104e+00  8.7920061580838405e-01
213   6.0585485220128703e+00  8.8176472882421102e+00  8.8782914325064199e-01
214   7.3986634124042903e+00  1.0524434953762899e+01  8.9645767069290005e-01
215   8.8400687674324399e+00  1.2278031144913101e+01  9.0508619813515900e-01
216   1.0376089156106101e+01  1.4060684206462099e+01  9.1371472557741695e-01
217   1.2000298942244500e+01  1.5855306750604001e+01  9.2234325301967501e-01
218   1.3706510708608700e+01  1.7645444873802202e+01  9.3097178046193396e-01
219   1.5488764318853400e+01  1.9415249069760399e+01  9.3960030790419202e-01
220   1.7341316576672199e+01  2.1149446730478900e+01  9.4822883534644997e-01
221   1.9258631444437800e+01  2.2833316135153499e+01  9.5685736278870803e-01
222   2.1235370786338500e+01  2.4452661833838000e+01  9.6548589023096698e-01
223   2.3266385603487102e+01  2.5993791339388700e+01  9.7411441767322504e-01
224   2.5346707730767999e+01  2.7443493047284200e+01  9.8274294511548299e-01
225   2.7471541967287699e+01  2.8789015308510500e+01  9.9137147255774205e-01
226   2.8918849108386102e+01  2.9610732897670900e+01  9.9712382418591405e-01
227   2.9648437500000000e+01  3.0000000000000000e+01  1.0000000000000000e+00
228   2.3015661630313198e+00  4.4483864532163500e+00  8.7338470228376797e-01
229   2.5611004706373199e+00  4.9346205018917404e+00  8.7602252098618905e-01
230   3.1149250288325399e+00  5.9394684375915396e+00  8.8129815839103198e-01
231   4.0538981804056897e+00  7.5321137418592299e+00  8.8921161449829700e-01
232   5.0991311378170101e+00  9.1890609557310405e+00  8.9712507060556101e-01
233   6.2511377807690502e+00  1.0894368649587600e+01  9.0503852671282603e-01
234   7.5104141717536299e+00  1.2632648114241800e+01  9.1295198282009005e-01
235   8.8774393216126892e+00  1.4389039611926000e+01  9.2086543892735495e-01
236   1.0352675915962500e+01  1.6149189841370202e+01  9.2877889503461897e-01
237   1.1936571004795400e+01  1.7899230545169399e+01  9.3669235114188398e-01
238   1.3629556657419000e+01  1.9625758192454899e+01  9.4460580724914800e-01
239   1.5432050584747600e+01  2.1315814674334501e+01  9.5251926335641302e-01
240   1.7344456730830199e+01  2.2956868953688399e+01  9.6043271946367703e-01
241   1.9367165835373999e+01  2.4536799614727201e+01  9.6834617557094205e-01
242   2.1500555968909101e+01  2.6043878261259099e+01  9.7625963167820595e-01
243   2.3744993042134801e+01  2.7466753715894800e+01  9.8417308778547097e-01
244   2.6100831290888902e+01  2.8794436975470902e+01  9.9208654389273498e-01
245   2.7750237089152300e+01  2.9611157940861499e+01  9.9736218129757803e-01
246   2.8593750000000000e+01  3.0000000000000000e+01  1.0000000000000000e+00
247   1.8450839594845001e+00  4.6559604317767302e+00  8.8940230018762900e-01
248   2.0533424948388199e+00  5.1605561336234400e+00  8.9170641893372005e-01
249   2.4950260140197398e+00  6.1923155244510202e+00  8.9631465642590202e-01
250   3.2432476643076402e+00  7.7997044482375504e+00  9.0322701266417504e-01
251   4.0831250160521098e+00  9.4507804864544092e+00  9.1013936890244795e-01
252   5.0221023370994002e+00  1.1133853700180000e+01  9.1705172514072097e-01
253   6.0674011271933503e+00  1.2837583969382401e+01  9.2396408137899499e-01
254   7.2260283889574604e+00  1.4550968004767901e+01  9.3087643761726802e-01
255   8.5047845330891896e+00  1.6263326934036801e+01  9.3778879385554104e-01
256   9.9102709365013499e+00  1.7964294433125701e+01  9.4470115009381395e-01
257   1.1448897171057400e+01  1.9643805374725400e+01  9.5161350633208697e-01
258   1.3126887919529100e+01  2.1292084967961799e+01  9.5852586257036099e-01
259   1.4950289594451901e+01  2.2899638364624899e+01  9.6543821880863401e-01
260   1.6924976674664101e+01  2.4457240708727301e+01  9.7235057504690703e-01
261   1.9056657773477099e+01  2.5955927607488299e+01  9.7926293128518005e-01
262   2.1350881451646501e+01  2.7386986003065900e+01  9.8617528752345396e-01
263   2.3813041787576601e+01  2.8741945425510998e+01  9.9308764376172698e-01
264   2.5573993849519699e+01  2.9590984501018902e+01  9.9769588125390896e-01
265   2.6484375000000000e+01  3.0000000000000000e+01  1.0000000000000000e+00
266   1.3799076594619599e+00  4.8139873500909296e+00  9.0999635463544903e-01
267   1.5356117292302101e+00  5.3310772157562099e+00  9.1187143058054398e-01
268   1.8627100597114701e+00  6.3784893792545203e+00  9.1562158247073400e-01
269   2.4145016803814001e+00  7.9851276230498600e+00  9.2124681030601796e-01
270   3.0388984782439401e+00  9.6166122603578295e+00  9.2687203814130203e-01
271   3.7480715528762598e+00  1.1265686459559500e+01  9.3249726597658700e-01
272   4.5539000794700302e+00  1.2925267444477401e+01  9.3812249381187096e-01
273   5.4679800089381496e+00  1.4588441307070401e+01  9.4374772164715603e-01
274   6.5016324587220797e+00  1.6248458004543199e+01  9.4937294948244000e-01
275   7.6659118070528001e+00  1.7898726533267400e+01  9.5499817731772496e-01
276   8.9716135028210608e+00  1.9532810272266101e+01  9.6062340515300904e-01
277   1.0429281602646400e+01  2.1144422489351800e+01  9.6624863298829300e-01
278   1.2049216046197900e+01  2.2727422003327899e+01  9.7187386082357796e-01
279   1.3841479680310400e+01  2.4275808995967299e+01  9.7749908865886204e-01
280   1.5815905041958199e+01  2.5783720967768200e+01  9.8312431649414700e-01
281   1.7982100909688199e+01  2.7245428831761899e+01  9.8874954432943096e-01
282   2.0349458632683799e+01  2.8655333139906300e+01  9.9437477216471504e-01
283   2.2071153350052501e+01  2.9558778700235500e+01  9.9812492405490505e-01
284   2.2968750000000000e+01  3.0000000000000000e+01  1.0000000000000000e+00
285   9.1344098705836996e-01  4.9234205295700901e+00  9.3516686562723095e-01
286   1.0163246841282900e+00  5.4473119526126803e+00  9.3651755592666297e-01
287   1.2296183879896101e+00  6.5006749117267102e+00  9.3921893652552901e-01
288   1.5865684732735801e+00  8.0962912578388906e+00  9.4327100742382697e-01
289   1.9937028677159800e+00  9.7017538212358705e+00  9.4732307832212503e-01
290   2.4644261236866600e+00  1.1313677685858300e+01  9.5137514922042299e-01
291   3.0119153928893798e+00  1.2928735358837400e+01  9.5542722011872105e-01
292   3.6491252281518700e+00  1.4543655557947799e+01  9.5947929101701901e-01
293   4.3887922640540697e+00  1.6155222029655398e+01  9.6353136191531696e-01
294   5.2434397799465202e+00  1.7760272396864600e+01  9.6758343281361503e-01
295   6.2253821487920700e+00  1.9355697035497698e+01  9.7163550371191298e-01
296   7.3467291751502701e+00  2.0938437979066801e+01  9.7568757461021105e-01
297   8.6193903255138409e+00  2.2505487850430502e+01  9.7973964550851000e-01
298   1.0055078854101000e+01  2.4053888819948700e+01  9.8379171640680796e-01
299   1.1665315827105200e+01  2.5580731589279900e+01  9.8784378730510602e-01
300   1.3461434048306600e+01  2.7083154400085999e+01  9.9189585820340398e-01
301   1.5454581888853500e+01  2.8558342066936198e+01  9.9594792910170205e-01
302   1.6923996703242199e+01  2.9523100467941500e+01  9.9864930970056698e-01
303   1.7695312500000000e+01  3.0000000000000000e+01  1.0000000000000000e+00
304   4.5242208939064299e-01  4.9865057035293496e+00  9.6491383316297197e-01
305   5.0316005859131996e-01  5.5117953468363599e+00  9.6564479497207700e-01
306   6.0637997737626104e-01  6.5630220565762096e+00  9.6710671859028596e-01
307   7.7677385492258400e-01  8.1422906489087907e+00  9.6929960401759996e-01
308   9.7272570140743198e-01  9.7220923885759696e+00  9.7149248944491495e-01
309   1.2042556880951301e+00  1.1301732729981399e+01  9.7368537487222895e-01
310   1.4812939213784300e+00  1.2880523370352000e+01  9.7587826029954305e-01
311   1.8136814524287199e+00  1.4457782179754700e+01  9.7807114572685705e-01
312   2.2111712732944699e+00  1.6032833132051699e+01  9.8026403115417204e-01
313   2.6834292996596600e+00  1.7605006236781300e+01  9.8245691658148604e-01
314   3.2400353404702300e+00  1.9173637471947899e+01  9.8464980200880003e-01
315   3.8904840546327102e+00  2.0738068717709101e+01  9.8684268743611403e-01
316   4.6441858949857000e+00  2.2297647690944700e+01  9.8903557286342902e-01
317   5.5104680397413599e+00  2.3851727880693598e+01  9.9122845829074302e-01
318   6.4985753115904998e+00  2.5399668484446501e+01  9.9342134371805701e-01
319   7.6176710846613300e+00  2.6940834345280201e+01  9.9561422914537101e-01
320   8.8768381795189804e+00  2.8474595889821401e+01  9.9780711457268600e-01
321   9.8163526399554595e+00  2.9492495386948800e+01  9.9926903819089496e-01
322   1.0312500000000000e+01  3.0000000000000000e+01  1.0000000000000000e+00
323   1.4913392589678900e-01  5.0000000000000000e+00  9.8779611588277305e-01
324   1.6580816835135601e-01  5.5228436653339203e+00  9.8805036346854802e-01
325   1.9927336347163399e-01  6.5682599873863499e+00  9.8855885864009996e-01
326   2.5391432444166201e-01  8.1359756934723393e+00  9.8932160139742598e-01
327   3.1705282784932298e-01  9.7028808825610895e+00  9.9008434415475299e-01
328   3.9274364436147402e-01  1.1268977426432800e+01  9.9084708691208001e-01
329   4.8502906898421699e-01  1.2834267191108401e+01  9.9160982966940603e-01
330   5.9793896900719501e-01  1.4398752036872200e+01  9.9237257242673305e-01
331   7.3549083172694196e-01  1.5962433818293400e+01  9.9313531518405995e-01
332   9.0168981195050901e-01  1.7525314384248301e+01  9.9389805794138697e-01
333   1.1005287792805001e+00  1.9087395577942001e+01  9.9466080069871299e-01
334   1.3359883651827600e+00  2.0648679236930100e+01  9.9542354345604001e-01
335   1.6120370098377299e+00  2.2209167193140601e+01  9.9618628621336702e-01
336   1.9326310087769201e+00  2.3768861272895201e+01  9.9694902897069304e-01
337   2.3017145593052399e+00  2.5327763296930598e+01  9.9771177172801995e-01
338   2.7232198067107301e+00  2.6885875080420099e+01  9.9847451448534696e-01
339   3.2010668902625601e+00  2.8443198432994901e+01  9.9923725724267298e-01
340   3.5598895192070299e+00  2.9481153481073299e+01  9.9974575241422403e-01
341   3.7500000000000000e+00  3.0000000000000000e+01  1.0000000000000000e+00
342   1.5308084989341901e-16  5.0000000000000000e+00  1.0000000000000000e+00
343   1.6902677175731701e-16  5.5208333333333304e+00  1.0000000000000000e+00
344   2.0091861548511299e-16  6.5625000000000000e+00  1.0000000000000000e+00
345   2.4875638107680602e-16  8.1250000000000107e+00  1.0000000000000000e+00
346   2.9659414666849998e-16  9.6875000000000107e+00  1.0000000000000000e+00
347   3.4443191226019300e-16  1.1250000000000000e+01  1.0000000000000000e+00
348   3.9226967785188701e-16  1.2812500000000000e+01  1.0000000000000000e+00
349   4.4010744344357998e-16  1.4375000000000000e+01  1.0000000000000000e+00
350   4.8794520903527404e-16  1.5937500000000000e+01  1.0000000000000000e+00
351   5.3578297462696696e-16  1.7500000000000000e+01  1.0000000000000000e+00
352   5.8362074021866097e-16  1.9062500000000000e+01  1.0000000000000000e+00
353   6.3145850581035400e-16  2.0625000000000000e+01  1.0000000000000000e+00
354   6.7929627140204800e-16  2.2187500000000000e+01  1.0000000000000000e+00
355   7.2713403699374103e-16  2.3750000000000000e+01  1.0000000000000000e+00
356   7.7497180258543504e-16  2.5312500000000000e+01  1.0000000000000000e+00
357   8.2280956817712796e-16  2.6875000000000000e+01  1.0000000000000000e+00
358   8.7064733376882197e-16  2.8437500000000000e+01  1.0000000000000000e+00
359   9.0253917749661699e-16  2.9479166666666700e+01  1.0000000000000000e+00
360   9.1848509936051499e-16  3.0000000000000000e+01  1.0000000000000000e+00

342  0    0.000000e+00
343  0    0.000000e+00
344  0    0.000000e+00
345  0    0.000000e+00
346  0    0.000000e+00
347  0    0.000000e+00
348  0    0.000000e+00
349  0    0.000000e+00
350  0    0.000000e+00
351  0    0.000000e+00
352  0    0.000000e+00
353  0    0.000000e+00
354  0    0.000000e+00
355  0    0.000000e+00
356  0    0.000000e+00
357  0    0.000000e+00
358  0    0.000000e+00
359  0    0.000000e+00
360  0    0.000000e+00
0    1    0.000000e+00
1    1    0.000000e+00
2    1    0.000000e+00
3    1    0.000000e+00
4    1    0.000000e+00
5    1    0.000000e+00
6    1    0.000000e+00
7    1    0.000000e+00
8    1    0.000000e+00
9    1    0.000000e+00
10   1    0.000000e+00
11   1    0.000000e+00
12   1    0.000000e+00
13   1    0.000000e+00
14   1    0.000000e+00
15   1    0.000000e+00
16   1    0.000000e+00
17   1    0.000000e+00
18   1    0.000000e+00

2    0    1    1.000000e+00  0.000000e+00  1.000000e+00  1.000000e+00  0.000000e+00  0.000000e+00