3

210000.0    0.3

1

27

2    2    2    

6    6    6    

3    3    3    

0    1    2    3    4    5    6    7    8    9    10    11    12    13    14    15    16    17    18    19    20    21    22    23    24    25    26    

1    0    0

0.0    0.0    0.0    1.0    1.0    1.0    
0.0    0.0    0.0    1.0    1.0    1.0    
0.0    0.0    0.0    1.0    1.0    1.0    

0 0 0

1

1

27

2    2    2    

6    6    6    

3    3    3    

0    1    2    3    4    5    6    7    8    9    10    11    12    13    14    15    16    17    18    19    20    21    22    23    24    25    26    

0    0    0

0.0    0.0    0.0    1.0    1.0    1.0    
0.0    0.0    0.0    1.0    1.0    1.0    
0.0    0.0    0.0    1.0    1.0    1.0    

0 1.26765651115924445579e-05 -2.67411525449020566767e-18 1.00051414707189062492e-01 1.00000000000000000000e+00
1 1.38789260337481124008e-01 3.25035557869019360949e-18 5.43276377090536888304e-01 1.00000000000000000000e+00
2 3.43431673725602848446e-01 -2.25093876640598911951e-19 4.52697455024537787072e-01 1.00000000000000000000e+00
3 1.26765651115504774635e-05 4.99999999999999666933e-01 1.00051414707188882081e-01 1.00000000000000000000e+00
4 1.38789260337481401564e-01 4.99999999999998834266e-01 5.43276377090538220571e-01 1.00000000000000000000e+00
5 3.43431673725602903957e-01 4.99999999999999944489e-01 4.52697455024537287471e-01 1.00000000000000000000e+00
6 1.26765651115632761313e-05 1.00000000000000000000e+00 1.00051414707188937592e-01 1.00000000000000000000e+00
7 1.38789260337481262786e-01 1.00000000000000066613e+00 5.43276377090537665460e-01 1.00000000000000000000e+00
8 3.43431673725602848446e-01 1.00000000000000000000e+00 4.52697455024537454005e-01 1.00000000000000000000e+00
9 -1.26765651115631880399e-05 2.59917775139194707559e-18 4.99999999999999389377e-01 1.00000000000000000000e+00
10 2.49828625867244191738e-01 1.04751656004884904105e-17 4.99999999999995337063e-01 1.00000000000000000000e+00
11 3.42747188053882878567e-01 -3.29856318393729853933e-18 4.99999999999995115019e-01 1.00000000000000000000e+00
12 -1.26765651116094123219e-05 4.99999999999999611422e-01 5.00000000000000666134e-01 1.00000000000000000000e+00
13 2.49828625867243969694e-01 5.00000000000001443290e-01 4.99999999999993671729e-01 1.00000000000000000000e+00
14 3.42747188053885043502e-01 4.99999999999999944489e-01 4.99999999999995115019e-01 1.00000000000000000000e+00
15 -1.26765651115757935842e-05 1.00000000000000044409e+00 5.00000000000000111022e-01 1.00000000000000000000e+00
16 2.49828625867244136227e-01 9.99999999999998889777e-01 4.99999999999994393374e-01 1.00000000000000000000e+00
17 3.42747188053882989589e-01 1.00000000000000022204e+00 4.99999999999995003996e-01 1.00000000000000000000e+00
18 1.26765651115761154567e-05 1.72649210186043244207e-19 8.99948585292810965264e-01 1.00000000000000000000e+00
19 1.38789260337482123209e-01 -3.79559032478413379417e-18 4.56723622909474047393e-01 1.00000000000000000000e+00
20 3.43431673725602959468e-01 -3.13928719818695408122e-19 5.47302544975472149424e-01 1.00000000000000000000e+00
21 1.26765651116305881456e-05 4.99999999999999944489e-01 8.99948585292810632197e-01 1.00000000000000000000e+00
22 1.38789260337481012986e-01 4.99999999999999888978e-01 4.56723622909474324949e-01 1.00000000000000000000e+00
23 3.43431673725603014979e-01 5.00000000000000111022e-01 5.47302544975472260447e-01 1.00000000000000000000e+00
24 1.26765651115743078884e-05 1.00000000000000000000e+00 8.99948585292810854241e-01 1.00000000000000000000e+00
25 1.38789260337482206475e-01 1.00000000000000022204e+00 4.56723622909473547793e-01 1.00000000000000000000e+00
26 3.43431673725602903957e-01 9.99999999999999333866e-01 5.47302544975472260447e-01 1.00000000000000000000e+00

