0.0

1001
0.000000000 200.00000000000000
0.000100000 201.91531655537700
0.000200000 203.67987522940500
0.000300000 205.31672626084600
0.000400000 206.84393882587600
0.000500000 208.27594879848200
0.000600000 209.62447789379200
0.000700000 210.89917837095300
0.000800000 212.10809632280400
0.000900000 213.25801169570500
0.001000000 214.35469250725900
0.001100000 215.40308806087300
0.001200000 216.40747796366900
0.001300000 217.37158857984300
0.001400000 218.29868512357900
0.001500000 219.19164527704300
0.001600000 220.05301862120400
0.001700000 220.88507504735900
0.001800000 221.68984452005400
0.001900000 222.46914998652100
0.002000000 223.22463480678100
0.002100000 223.95778576690300
0.002200000 224.66995250459200
0.002300000 225.36236399984800
0.002400000 226.03614264869600
0.002500000 226.69231633413900
0.002600000 227.33182882787300
0.002700000 227.95554879306300
0.002800000 228.56427760871100
0.002900000 229.15875619650600
0.003000000 229.73967099940700
0.003100000 230.30765923574600
0.003200000 230.86331353201200
0.003300000 231.40718602069400
0.003400000 231.93979197586800
0.003500000 232.46161304788500
0.003600000 232.97310014923200
0.003700000 233.47467603588500
0.003800000 233.96673762201900
0.003900000 234.44965806057400
0.004000000 234.92378861760400
0.004100000 235.38946036453100
0.004200000 235.84698570921100
0.004300000 236.29665978392300
0.004400000 236.73876170609700
0.004500000 237.17355572556000
0.004600000 237.60129227039100
0.004700000 238.02220890197000
0.004800000 238.43653118855900
0.004900000 238.84447350563900
0.005000000 239.24623977026300
0.005100000 239.64202411588400
0.005200000 240.03201151335500
0.005300000 240.41637834320600
0.005400000 240.79529292371100
0.005500000 241.16891599880800
0.005600000 241.53740118948200
0.005700000 241.90089541186300
0.005800000 242.25953926494000
0.005900000 242.61346739052600
0.006000000 242.96280880781300
0.006100000 243.30768722466700
0.006200000 243.64822132755700
0.006300000 243.98452505189200
0.006400000 244.31670783430200
0.006500000 244.64487484832700
0.006600000 244.96912722479500
0.006700000 245.28956225806600
0.006800000 245.60627359924000
0.006900000 245.91935143728100
0.007000000 246.22888266898300
0.007100000 246.53495105857500
0.007200000 246.83763738772500
0.007300000 247.13701959662600
0.007400000 247.43317291680600
0.007500000 247.72616999622100
0.007600000 248.01608101717900
0.007700000 248.30297380758000
0.007800000 248.58691394592300
0.007900000 248.86796486049000
0.008000000 249.14618792310300
0.008100000 249.42164253780100
0.008200000 249.69438622475700
0.008300000 249.96447469976100
0.008400000 250.23196194951900
0.008500000 250.49690030306200
0.008600000 250.75934049947100
0.008700000 251.01933175218100
0.008800000 251.27692181003200
0.008900000 251.53215701529500
0.009000000 251.78508235883300
0.009100000 252.03574153257400
0.009200000 252.28417697944300
0.009300000 252.53042994091500
0.009400000 252.77454050230900
0.009500000 253.01654763595800
0.009600000 253.25648924237600
0.009700000 253.49440218952500
0.009800000 253.73032235029800
0.009900000 253.96428463829800
0.010000000 254.19632304202800
0.010100000 254.42647065755400
0.010200000 254.65475971973500
0.010300000 254.88122163209500
0.010400000 255.10588699540100
0.010500000 255.32878563501800
0.010600000 255.54994662710500
0.010700000 255.76939832370600
0.010800000 255.98716837679700
0.010900000 256.20328376133400
0.011000000 256.41777079736300
0.011100000 256.63065517122000
0.011200000 256.84196195588600
0.011300000 257.05171563052000
0.011400000 257.25994009922000
0.011500000 257.46665870904500
0.011600000 257.67189426733300
0.011700000 257.87566905834800
0.011800000 258.07800485928600
0.011900000 258.27892295567100
0.012000000 258.47844415616600
0.012100000 258.67658880683700
0.012200000 258.87337680486900
0.012300000 259.06882761179000
0.012400000 259.26296026620200
0.012500000 259.45579339604600
0.012600000 259.64734523043200
0.012700000 259.83763361103200
0.012800000 260.02667600308000
0.012900000 260.21448950597000
0.013000000 260.40109086349300
0.013100000 260.58649647370900
0.013200000 260.77072239847800
0.013300000 260.95378437266900
0.013400000 261.13569781304500
0.013500000 261.31647782685700
0.013600000 261.49613922013900
0.013700000 261.67469650573200
0.013800000 261.85216391103700
0.013900000 262.02855538551800
0.014000000 262.20388460795000
0.014100000 262.37816499343900
0.014200000 262.55140970021200
0.014300000 262.72363163618800
0.014400000 262.89484346533900
0.014500000 263.06505761385200
0.014600000 263.23428627609300
0.014700000 263.40254142038600
0.014800000 263.56983479461400
0.014900000 263.73617793164200
0.015000000 263.90158215457900
0.015100000 264.06605858187500
0.015200000 264.22961813226500
0.015300000 264.39227152956400
0.015400000 264.55402930731900
0.015500000 264.71490181331900
0.015600000 264.87489921397500
0.015700000 265.03403149857100
0.015800000 265.19230848338600
0.015900000 265.34973981570500
0.016000000 265.50633497770400
0.016100000 265.66210329022800
0.016200000 265.81705391646300
0.016300000 265.97119586550300
0.016400000 266.12453799580900
0.016500000 266.27708901858200
0.016600000 266.42885750103400
0.016700000 266.57985186957100
0.016800000 266.73008041288800
0.016900000 266.87955128497900
0.017000000 267.02827250806300
0.017100000 267.17625197543300
0.017200000 267.32349745422800
0.017300000 267.47001658812900
0.017400000 267.61581689998300
0.017500000 267.76090579435700
0.017600000 267.90529056002800
0.017700000 268.04897837240600
0.017800000 268.19197629588600
0.017900000 268.33429128615500
0.018000000 268.47593019242100
0.018100000 268.61689975960000
0.018200000 268.75720663043600
0.018300000 268.89685734757500
0.018400000 269.03585835558200
0.018500000 269.17421600290500
0.018600000 269.31193654379900
0.018700000 269.44902614019100
0.018800000 269.58549086350500
0.018900000 269.72133669644200
0.019000000 269.85656953471300
0.019100000 269.99119518873200
0.019200000 270.12521938526900
0.019300000 270.25864776905900
0.019400000 270.39148590437600
0.019500000 270.52373927656800
0.019600000 270.65541329355300
0.019700000 270.78651328728500
0.019800000 270.91704451518000
0.019900000 271.04701216151000
0.020000000 271.17642133876900
0.020100000 271.30527708899800
0.020200000 271.43358438508600
0.020300000 271.56134813204300
0.020400000 271.68857316823500
0.020500000 271.81526426660000
0.020600000 271.94142613582800
0.020700000 272.06706342152600
0.020800000 272.19218070734100
0.020900000 272.31678251607200
0.021000000 272.44087331074900
0.021100000 272.56445749568900
0.021200000 272.68753941753500
0.021300000 272.81012336626200
0.021400000 272.93221357616800
0.021500000 273.05381422684200
0.021600000 273.17492944411100
0.021700000 273.29556330096200
0.021800000 273.41571981845300
0.021900000 273.53540296659800
0.022000000 273.65461666523000
0.022100000 273.77336478486000
0.022200000 273.89165114749700
0.022300000 274.00947952747100
0.022400000 274.12685365222300
0.022500000 274.24377720308800
0.022600000 274.36025381606000
0.022700000 274.47628708253700
0.022800000 274.59188055005400
0.022900000 274.70703772300100
0.023000000 274.82176206332700
0.023100000 274.93605699122700
0.023200000 275.04992588581600
0.023300000 275.16337208579000
0.023400000 275.27639889007500
0.023500000 275.38900955845900
0.023600000 275.50120731221700
0.023700000 275.61299533471700
0.023800000 275.72437677202000
0.023900000 275.83535473346500
0.024000000 275.94593229224300
0.024100000 276.05611248595900
0.024200000 276.16589831718500
0.024300000 276.27529275400200
0.024400000 276.38429873052900
0.024500000 276.49291914744400
0.024600000 276.60115687249600
0.024700000 276.70901474100200
0.024800000 276.81649555634400
0.024900000 276.92360209044500
0.025000000 277.03033708424800
0.025100000 277.13670324817400
0.025200000 277.24270326258000
0.025300000 277.34833977820800
0.025400000 277.45361541661700
0.025500000 277.55853277062100
0.025600000 277.66309440470600
0.025700000 277.76730285544800
0.025800000 277.87116063191700
0.025900000 277.97467021607700
0.026000000 278.07783406318200
0.026100000 278.18065460215600
0.026200000 278.28313423597600
0.026300000 278.38527534204000
0.026400000 278.48708027253300
0.026500000 278.58855135478500
0.026600000 278.68969089162400
0.026700000 278.79050116172000
0.026800000 278.89098441992800
0.026900000 278.99114289761500
0.027000000 279.09097880299400
0.027100000 279.19049432144500
0.027200000 279.28969161582900
0.027300000 279.38857282679900
0.027400000 279.48714007310800
0.027500000 279.58539545190800
0.027600000 279.68334103904400
0.027700000 279.78097888934800
0.027800000 279.87831103691800
0.027900000 279.97533949540400
0.028000000 280.07206625827900
0.028100000 280.16849329911400
0.028200000 280.26462257184100
0.028300000 280.36045601101700
0.028400000 280.45599553208200
0.028500000 280.55124303160800
0.028600000 280.64620038755400
0.028700000 280.74086945950500
0.028800000 280.83525208892000
0.028900000 280.92935009936000
0.029000000 281.02316529672900
0.029100000 281.11669946949900
0.029200000 281.20995438893700
0.029300000 281.30293180932500
0.029400000 281.39563346818100
0.029500000 281.48806108647300
0.029600000 281.58021636882700
0.029700000 281.67210100374100
0.029800000 281.76371666378400
0.029900000 281.85506500580000
0.030000000 281.94614767110800
0.030100000 282.03696628569200
0.030200000 282.12752246039800
0.030300000 282.21781779112000
0.030400000 282.30785385898700
0.030500000 282.39763223054600
0.030600000 282.48715445794200
0.030700000 282.57642207909700
0.030800000 282.66543661788400
0.030900000 282.75419958429500
0.031000000 282.84271247461900
0.031100000 282.93097677160000
0.031200000 283.01899394460700
0.031300000 283.10676544979500
0.031400000 283.19429273026000
0.031500000 283.28157721620200
0.031600000 283.36862032507700
0.031700000 283.45542346174700
0.031800000 283.54198801863400
0.031900000 283.62831537586400
0.032000000 283.71440690141600
0.032100000 283.80026395126300
0.032200000 283.88588786951400
0.032300000 283.97127998855300
0.032400000 284.05644162917600
0.032500000 284.14137410072800
0.032600000 284.22607870123200
0.032700000 284.31055671752400
0.032800000 284.39480942538300
0.032900000 284.47883808965300
0.033000000 284.56264396437500
0.033100000 284.64622829290500
0.033200000 284.72959230804200
0.033300000 284.81273723214300
0.033400000 284.89566427724500
0.033500000 284.97837464517900
0.033600000 285.06086952768900
0.033700000 285.14315010654100
0.033800000 285.22521755363900
0.033900000 285.30707303113400
0.034000000 285.38871769153000
0.034100000 285.47015267779700
0.034200000 285.55137912347100
0.034300000 285.63239815276400
0.034400000 285.71321088066200
0.034500000 285.79381841302800
0.034600000 285.87422184670500
0.034700000 285.95442226960900
0.034800000 286.03442076083400
0.034900000 286.11421839073900
0.035000000 286.19381622105100
0.035100000 286.27321530495300
0.035200000 286.35241668717900
0.035300000 286.43142140410300
0.035400000 286.51023048383000
0.035500000 286.58884494628600
0.035600000 286.66726580329900
0.035700000 286.74549405869500
0.035800000 286.82353070837300
0.035900000 286.90137674039700
0.036000000 286.97903313507200
0.036100000 287.05650086503100
0.036200000 287.13378089531300
0.036300000 287.21087418344300
0.036400000 287.28778167950900
0.036500000 287.36450432624300
0.036600000 287.44104305909400
0.036700000 287.51739880630400
0.036800000 287.59357248898500
0.036900000 287.66956502118900
0.037000000 287.74537730998300
0.037100000 287.82101025552100
0.037200000 287.89646475111000
0.037300000 287.97174168328800
0.037400000 288.04684193188400
0.037500000 288.12176637009300
0.037600000 288.19651586453800
0.037700000 288.27109127534100
0.037800000 288.34549345618500
0.037900000 288.41972325438000
0.038000000 288.49378151092600
0.038100000 288.56766906057700
0.038200000 288.64138673190200
0.038300000 288.71493534735000
0.038400000 288.78831572330500
0.038500000 288.86152867015000
0.038600000 288.93457499232500
0.038700000 289.00745548838700
0.038800000 289.08017095106300
0.038900000 289.15272216731400
0.039000000 289.22510991838500
0.039100000 289.29733497986500
0.039200000 289.36939812173900
0.039300000 289.44130010844600
0.039400000 289.51304169892600
0.039500000 289.58462364668000
0.039600000 289.65604669982100
0.039700000 289.72731160112100
0.039800000 289.79841908806700
0.039900000 289.86936989290900
0.040000000 289.94016474271300
0.040100000 290.01080435940400
0.040200000 290.08128945982300
0.040300000 290.15162075576700
0.040400000 290.22179895404300
0.040500000 290.29182475651200
0.040600000 290.36169886013300
0.040700000 290.43142195701600
0.040800000 290.50099473445900
0.040900000 290.57041787499900
0.041000000 290.63969205645400
0.041100000 290.70881795196500
0.041200000 290.77779623004400
0.041300000 290.84662755461100
0.041400000 290.91531258504100
0.041500000 290.98385197620400
0.041600000 291.05224637850400
0.041700000 291.12049643792400
0.041800000 291.18860279606500
0.041900000 291.25656609018200
0.042000000 291.32438695323100
0.042100000 291.39206601390100
0.042200000 291.45960389665500
0.042300000 291.52700122176900
0.042400000 291.59425860537100
0.042500000 291.66137665947200
0.042600000 291.72835599201200
0.042700000 291.79519720688700
0.042800000 291.86190090399400
0.042900000 291.92846767925700
0.043000000 291.99489812467300
0.043100000 292.06119282833600
0.043200000 292.12735237448100
0.043300000 292.19337734351100
0.043400000 292.25926831203400
0.043500000 292.32502585289500
0.043600000 292.39065053521200
0.043700000 292.45614292440400
0.043800000 292.52150358222500
0.043900000 292.58673306679800
0.044000000 292.65183193264500
0.044100000 292.71680073071600
0.044200000 292.78164000842300
0.044300000 292.84635030966900
0.044400000 292.91093217487900
0.044500000 292.97538614103000
0.044600000 293.03971274167700
0.044700000 293.10391250698900
0.044800000 293.16798596377100
0.044900000 293.23193363549700
0.045000000 293.29575604233600
0.045100000 293.35945370118300
0.045200000 293.42302712568100
0.045300000 293.48647682625600
0.045400000 293.54980331013600
0.045500000 293.61300708138500
0.045600000 293.67608864092500
0.045700000 293.73904848656500
0.045800000 293.80188711302300
0.045900000 293.86460501195700
0.046000000 293.92720267198600
0.046100000 293.98968057871900
0.046200000 294.05203921477600
0.046300000 294.11427905981500
0.046400000 294.17640059055700
0.046500000 294.23840428080700
0.046600000 294.30029060148300
0.046700000 294.36206002063500
0.046800000 294.42371300346900
0.046900000 294.48525001237300
0.047000000 294.54667150693800
0.047100000 294.60797794398000
0.047200000 294.66916977756400
0.047300000 294.73024745902500
0.047400000 294.79121143699200
0.047500000 294.85206215740800
0.047600000 294.91280006355000
0.047700000 294.97342559605600
0.047800000 295.03393919293800
0.047900000 295.09434128961200
0.048000000 295.15463231891100
0.048100000 295.21481271111000
0.048200000 295.27488289394400
0.048300000 295.33484329263100
0.048400000 295.39469432988900
0.048500000 295.45443642595600
0.048600000 295.51406999861000
0.048700000 295.57359546319000
0.048800000 295.63301323261300
0.048900000 295.69232371739400
0.049000000 295.75152732566300
0.049100000 295.81062446318700
0.049200000 295.86961553338500
0.049300000 295.92850093734800
0.049400000 295.98728107385600
0.049500000 296.04595633939700
0.049600000 296.10452712818600
0.049700000 296.16299383217600
0.049800000 296.22135684108500
0.049900000 296.27961654240500
0.050000000 296.33777332142400
0.050100000 296.39582756124000
0.050200000 296.45377964277900
0.050300000 296.51162994481200
0.050400000 296.56937884397000
0.050500000 296.62702671476100
0.050600000 296.68457392958500
0.050700000 296.74202085875300
0.050800000 296.79936787050000
0.050900000 296.85661533099900
0.051000000 296.91376360438200
0.051100000 296.97081305274900
0.051200000 297.02776403618900
0.051300000 297.08461691279000
0.051400000 297.14137203865800
0.051500000 297.19802976792800
0.051600000 297.25459045278200
0.051700000 297.31105444346100
0.051800000 297.36742208828100
0.051900000 297.42369373364500
0.052000000 297.47986972406200
0.052100000 297.53595040215400
0.052200000 297.59193610867400
0.052300000 297.64782718252200
0.052400000 297.70362396075100
0.052500000 297.75932677859000
0.052600000 297.81493596944800
0.052700000 297.87045186493500
0.052800000 297.92587479486900
0.052900000 297.98120508729400
0.053000000 298.03644306848900
0.053100000 298.09158906298300
0.053200000 298.14664339356600
0.053300000 298.20160638130300
0.053400000 298.25647834554500
0.053500000 298.31125960394300
0.053600000 298.36595047245800
0.053700000 298.42055126537600
0.053800000 298.47506229531600
0.053900000 298.52948387324400
0.054000000 298.58381630848800
0.054100000 298.63805990874200
0.054200000 298.69221498008500
0.054300000 298.74628182698800
0.054400000 298.80026075232600
0.054500000 298.85415205739100
0.054600000 298.90795604190200
0.054700000 298.96167300401400
0.054800000 299.01530324033500
0.054900000 299.06884704592700
0.055000000 299.12230471432900
0.055100000 299.17567653755500
0.055200000 299.22896280611500
0.055300000 299.28216380901900
0.055400000 299.33527983379100
0.055500000 299.38831116647500
0.055600000 299.44125809165200
0.055700000 299.49412089244200
0.055800000 299.54689985052100
0.055900000 299.59959524612700
0.056000000 299.65220735807000
0.056100000 299.70473646374500
0.056200000 299.75718283913600
0.056300000 299.80954675883200
0.056400000 299.86182849603100
0.056500000 299.91402832255300
0.056600000 299.96614650884800
0.056700000 300.01818332400600
0.056800000 300.07013903576400
0.056900000 300.12201391051800
0.057000000 300.17380821333000
0.057100000 300.22552220793900
0.057200000 300.27715615676800
0.057300000 300.32871032093200
0.057400000 300.38018496025000
0.057500000 300.43158033325100
0.057600000 300.48289669718300
0.057700000 300.53413430802300
0.057800000 300.58529342048300
0.057900000 300.63637428802100
0.058000000 300.68737716284800
0.058100000 300.73830229593500
0.058200000 300.78914993702300
0.058300000 300.83992033463100
0.058400000 300.89061373606400
0.058500000 300.94123038741900
0.058600000 300.99177053359500
0.058700000 301.04223441830100
0.058800000 301.09262228406200
0.058900000 301.14293437222900
0.059000000 301.19317092298500
0.059100000 301.24333217535200
0.059200000 301.29341836720000
0.059300000 301.34342973525500
0.059400000 301.39336651510400
0.059500000 301.44322894120500
0.059600000 301.49301724689200
0.059700000 301.54273166438200
0.059800000 301.59237242478700
0.059900000 301.64193975811400
0.060000000 301.69143389327700
0.060100000 301.74085505810300
0.060200000 301.79020347933700
0.060300000 301.83947938265100
0.060400000 301.88868299265200
0.060500000 301.93781453288400
0.060600000 301.98687422583900
0.060700000 302.03586229296200
0.060800000 302.08477895465900
0.060900000 302.13362443030100
0.061000000 302.18239893823300
0.061100000 302.23110269577900
0.061200000 302.27973591924900
0.061300000 302.32829882394500
0.061400000 302.37679162416700
0.061500000 302.42521453322200
0.061600000 302.47356776342600
0.061700000 302.52185152611200
0.061800000 302.57006603163700
0.061900000 302.61821148938700
0.062000000 302.66628810778300
0.062100000 302.71429609428900
0.062200000 302.76223565541400
0.062300000 302.81010699672100
0.062400000 302.85791032283200
0.062500000 302.90564583743300
0.062600000 302.95331374328300
0.062700000 303.00091424221300
0.062800000 303.04844753513900
0.062900000 303.09591382206300
0.063000000 303.14331330208000
0.063100000 303.19064617338400
0.063200000 303.23791263327400
0.063300000 303.28511287815500
0.063400000 303.33224710355100
0.063500000 303.37931550410200
0.063600000 303.42631827357700
0.063700000 303.47325560487400
0.063800000 303.52012769002800
0.063900000 303.56693472021300
0.064000000 303.61367688575200
0.064100000 303.66035437611800
0.064200000 303.70696737994100
0.064300000 303.75351608501100
0.064400000 303.80000067828800
0.064500000 303.84642134590100
0.064600000 303.89277827315600
0.064700000 303.93907164453900
0.064800000 303.98530164372600
0.064900000 304.03146845358000
0.065000000 304.07757225616200
0.065100000 304.12361323273300
0.065200000 304.16959156376000
0.065300000 304.21550742891800
0.065400000 304.26136100709900
0.065500000 304.30715247641400
0.065600000 304.35288201419500
0.065700000 304.39854979700600
0.065800000 304.44415600064100
0.065900000 304.48970080013400
0.066000000 304.53518436975800
0.066100000 304.58060688303400
0.066200000 304.62596851273300
0.066300000 304.67126943088100
0.066400000 304.71650980876300
0.066500000 304.76168981692800
0.066600000 304.80680962519200
0.066700000 304.85186940264500
0.066800000 304.89686931765000
0.066900000 304.94180953785200
0.067000000 304.98669023018100
0.067100000 305.03151156085400
0.067200000 305.07627369538300
0.067300000 305.12097679857500
0.067400000 305.16562103453700
0.067500000 305.21020656668300
0.067600000 305.25473355773400
0.067700000 305.29920216972300
0.067800000 305.34361256400000
0.067900000 305.38796490123700
0.068000000 305.43225934142900
0.068100000 305.47649604389800
0.068200000 305.52067516729800
0.068300000 305.56479686962000
0.068400000 305.60886130819400
0.068500000 305.65286863969200
0.068600000 305.69681902013200
0.068700000 305.74071260488500
0.068800000 305.78454954867400
0.068900000 305.82833000558000
0.069000000 305.87205412904400
0.069100000 305.91572207187500
0.069200000 305.95933398624700
0.069300000 306.00289002370700
0.069400000 306.04639033517700
0.069500000 306.08983507095800
0.069600000 306.13322438073400
0.069700000 306.17655841357200
0.069800000 306.21983731792900
0.069900000 306.26306124165700
0.070000000 306.30623033200000
0.070100000 306.34934473560300
0.070200000 306.39240459851200
0.070300000 306.43541006617900
0.070400000 306.47836128346500
0.070500000 306.52125839464400
0.070600000 306.56410154340200
0.070700000 306.60689087284800
0.070800000 306.64962652550800
0.070900000 306.69230864333600
0.071000000 306.73493736771200
0.071100000 306.77751283944700
0.071200000 306.82003519878800
0.071300000 306.86250458541600
0.071400000 306.90492113845400
0.071500000 306.94728499646700
0.071600000 306.98959629746800
0.071700000 307.03185517891700
0.071800000 307.07406177772700
0.071900000 307.11621623026500
0.072000000 307.15831867235800
0.072100000 307.20036923929100
0.072200000 307.24236806581400
0.072300000 307.28431528614500
0.072400000 307.32621103396800
0.072500000 307.36805544244100
0.072600000 307.40984864419800
0.072700000 307.45159077134900
0.072800000 307.49328195548500
0.072900000 307.53492232768000
0.073000000 307.57651201849400
0.073100000 307.61805115797700
0.073200000 307.65953987566700
0.073300000 307.70097830060100
0.073400000 307.74236656130800
0.073500000 307.78370478581800
0.073600000 307.82499310166500
0.073700000 307.86623163588400
0.073800000 307.90742051501900
0.073900000 307.94855986512300
0.074000000 307.98964981176400
0.074100000 308.03069048001900
0.074200000 308.07168199448900
0.074300000 308.11262447928900
0.074400000 308.15351805806100
0.074500000 308.19436285396800
0.074600000 308.23515898970200
0.074700000 308.27590658748400
0.074800000 308.31660576906900
0.074900000 308.35725665574400
0.075000000 308.39785936833300
0.075100000 308.43841402720100
0.075200000 308.47892075225400
0.075300000 308.51937966294000
0.075400000 308.55979087825600
0.075500000 308.60015451674600
0.075600000 308.64047069650500
0.075700000 308.68073953518200
0.075800000 308.72096114998000
0.075900000 308.76113565766200
0.076000000 308.80126317454800
0.076100000 308.84134381652200
0.076200000 308.88137769903200
0.076300000 308.92136493709400
0.076400000 308.96130564528900
0.076500000 309.00119993777300
0.076600000 309.04104792827200
0.076700000 309.08084973009000
0.076800000 309.12060545610700
0.076900000 309.16031521878100
0.077000000 309.19997913015400
0.077100000 309.23959730185100
0.077200000 309.27916984508200
0.077300000 309.31869687064500
0.077400000 309.35817848892900
0.077500000 309.39761480991300
0.077600000 309.43700594317200
0.077700000 309.47635199787500
0.077800000 309.51565308279100
0.077900000 309.55490930628700
0.078000000 309.59412077633400
0.078100000 309.63328760050400
0.078200000 309.67240988597700
0.078300000 309.71148773954100
0.078400000 309.75052126759200
0.078500000 309.78951057613900
0.078600000 309.82845577080500
0.078700000 309.86735695682600
0.078800000 309.90621423905700
0.078900000 309.94502772197300
0.079000000 309.98379750966800
0.079100000 310.02252370586000
0.079200000 310.06120641389200
0.079300000 310.09984573673300
0.079400000 310.13844177698000
0.079500000 310.17699463686100
0.079600000 310.21550441823500
0.079700000 310.25397122259600
0.079800000 310.29239515107200
0.079900000 310.33077630442900
0.080000000 310.36911478307200
0.080100000 310.40741068704700
0.080200000 310.44566411604200
0.080300000 310.48387516938900
0.080400000 310.52204394606500
0.080500000 310.56017054469800
0.080600000 310.59825506356200
0.080700000 310.63629760058200
0.080800000 310.67429825333700
0.080900000 310.71225711906100
0.081000000 310.75017429464100
0.081100000 310.78804987662400
0.081200000 310.82588396121500
0.081300000 310.86367664428000
0.081400000 310.90142802134700
0.081500000 310.93913818761000
0.081600000 310.97680723792600
0.081700000 311.01443526682100
0.081800000 311.05202236848700
0.081900000 311.08956863679000
0.082000000 311.12707416526600
0.082100000 311.16453904712300
0.082200000 311.20196337524600
0.082300000 311.23934724219600
0.082400000 311.27669074021000
0.082500000 311.31399396120900
0.082600000 311.35125699678900
0.082700000 311.38847993823300
0.082800000 311.42566287650600
0.082900000 311.46280590225800
0.083000000 311.49990910582800
0.083100000 311.53697257724000
0.083200000 311.57399640621100
0.083300000 311.61098068214700
0.083400000 311.64792549414700
0.083500000 311.68483093100500
0.083600000 311.72169708121000
0.083700000 311.75852403294600
0.083800000 311.79531187409800
0.083900000 311.83206069225000
0.084000000 311.86877057468500
0.084100000 311.90544160839000
0.084200000 311.94207388005600
0.084300000 311.97866747607800
0.084400000 312.01522248255900
0.084500000 312.05173898530800
0.084600000 312.08821706984400
0.084700000 312.12465682139600
0.084800000 312.16105832490600
0.084900000 312.19742166502700
0.085000000 312.23374692612800
0.085100000 312.27003419229300
0.085200000 312.30628354732300
0.085300000 312.34249507473700
0.085400000 312.37866885777400
0.085500000 312.41480497939400
0.085600000 312.45090352227800
0.085700000 312.48696456883100
0.085800000 312.52298820118200
0.085900000 312.55897450118600
0.086000000 312.59492355042500
0.086100000 312.63083543021000
0.086200000 312.66671022157900
0.086300000 312.70254800530400
0.086400000 312.73834886188700
0.086500000 312.77411287156100
0.086600000 312.80984011429800
0.086700000 312.84553066980100
0.086800000 312.88118461751200
0.086900000 312.91680203661000
0.087000000 312.95238300601300
0.087100000 312.98792760437900
0.087200000 313.02343591010600
0.087300000 313.05890800133800
0.087400000 313.09434395595800
0.087500000 313.12974385159600
0.087600000 313.16510776562900
0.087700000 313.20043577517700
0.087800000 313.23572795711200
0.087900000 313.27098438805300
0.088000000 313.30620514436900
0.088100000 313.34139030218200
0.088200000 313.37653993736400
0.088300000 313.41165412554200
0.088400000 313.44673294209700
0.088500000 313.48177646216700
0.088600000 313.51678476064400
0.088700000 313.55175791218000
0.088800000 313.58669599118500
0.088900000 313.62159907182800
0.089000000 313.65646722804100
0.089100000 313.69130053351500
0.089200000 313.72609906170600
0.089300000 313.76086288583300
0.089400000 313.79559207888200
0.089500000 313.83028671360200
0.089600000 313.86494686251000
0.089700000 313.89957259789300
0.089800000 313.93416399180400
0.089900000 313.96872111606800
0.090000000 314.00324404227900
0.090100000 314.03773284180600
0.090200000 314.07218758578800
0.090300000 314.10660834514000
0.090400000 314.14099519055000
0.090500000 314.17534819248400
0.090600000 314.20966742118200
0.090700000 314.24395294666500
0.090800000 314.27820483872900
0.090900000 314.31242316695300
0.091000000 314.34660800069500
0.091100000 314.38075940909400
0.091200000 314.41487746107200
0.091300000 314.44896222533500
0.091400000 314.48301377037300
0.091500000 314.51703216445800
0.091600000 314.55101747565400
0.091700000 314.58496977180700
0.091800000 314.61888912055300
0.091900000 314.65277558931600
0.092000000 314.68662924531000
0.092100000 314.72045015553900
0.092200000 314.75423838680000
0.092300000 314.78799400568100
0.092400000 314.82171707856200
0.092500000 314.85540767161900
0.092600000 314.88906585082200
0.092700000 314.92269168193700
0.092800000 314.95628523052500
0.092900000 314.98984656194800
0.093000000 315.02337574136200
0.093100000 315.05687283372400
0.093200000 315.09033790379300
0.093300000 315.12377101612400
0.093400000 315.15717223507800
0.093500000 315.19054162481600
0.093600000 315.22387924930400
0.093700000 315.25718517230800
0.093800000 315.29045945740500
0.093900000 315.32370216797200
0.094000000 315.35691336719500
0.094100000 315.39009311806700
0.094200000 315.42324148338900
0.094300000 315.45635852577200
0.094400000 315.48944430763200
0.094500000 315.52249889120200
0.094600000 315.55552233852000
0.094700000 315.58851471144000
0.094800000 315.62147607162800
0.094900000 315.65440648056000
0.095000000 315.68730599953100
0.095100000 315.72017468964900
0.095200000 315.75301261183500
0.095300000 315.78581982683200
0.095400000 315.81859639519500
0.095500000 315.85134237729900
0.095600000 315.88405783333800
0.095700000 315.91674282332600
0.095800000 315.94939740709400
0.095900000 315.98202164429800
0.096000000 316.01461559441200
0.096100000 316.04717931673400
0.096200000 316.07971287038500
0.096300000 316.11221631431000
0.096400000 316.14468970727600
0.096500000 316.17713310787900
0.096600000 316.20954657453800
0.096700000 316.24193016549800
0.096800000 316.27428393883400
0.096900000 316.30660795244700
0.097000000 316.33890226406600
0.097100000 316.37116693125000
0.097200000 316.40340201139000
0.097300000 316.43560756170300
0.097400000 316.46778363924200
0.097500000 316.49993030088800
0.097600000 316.53204760335800
0.097700000 316.56413560319900
0.097800000 316.59619435679600
0.097900000 316.62822392036400
0.098000000 316.66022434995600
0.098100000 316.69219570146100
0.098200000 316.72413803060300
0.098300000 316.75605139294400
0.098400000 316.78793584388500
0.098500000 316.81979143866300
0.098600000 316.85161823235600
0.098700000 316.88341627988000
0.098800000 316.91518563599400
0.098900000 316.94692635529500
0.099000000 316.97863849222300
0.099100000 317.01032210106100
0.099200000 317.04197723593300
0.099300000 317.07360395080800
0.099400000 317.10520229949800
0.099500000 317.13677233566000
0.099600000 317.16831411279600
0.099700000 317.19982768425500
0.099800000 317.23131310323000
0.099900000 317.26277042276300
0.100000000 317.29419969574500
