patches, points, x, y, theta_deg, K, J
0 0 2.699999999999981e+00 -5.486436638066782e-16 -1.164258014545086e-14 5.282394023573964e-01 1.232638583711837e-06
0 0 2.699974786122979e+00 3.478873271954872e-03 7.382463223834544e-02 5.283446677000609e-01 1.233129902802184e-06
0 1 2.699772700274449e+00 1.044488400267660e-02 2.216648775812962e-01 5.290237632058090e-01 1.236301889578430e-06
0 2 2.699367610822632e+00 1.742075826582755e-02 3.697614447171342e-01 5.303745413518874e-01 1.242623350698761e-06
0 3 2.698758634629052e+00 2.440509823723369e-02 5.181163646324249e-01 5.323841279625843e-01 1.252057778315039e-06
0 4 2.697944967638685e+00 3.139649388293719e-02 6.667316846499807e-01 5.350309866422206e-01 1.264538459064498e-06
0 5 2.696925886038934e+00 3.839352384243886e-02 8.156094685218941e-01 5.382856585911976e-01 1.279969998654917e-06
0 6 2.695700747345507e+00 4.539475633161765e-02 9.647517965226620e-01 5.421117510018497e-01 1.298230519527210e-06
0 7 2.694268991412900e+00 5.239875006420922e-02 1.114160765542324e+00 5.464671098321023e-01 1.319174441440332e-06
0 8 2.692630141367273e+00 5.940405519068657e-02 1.263838489179747e+00 5.513051066430571e-01 1.342635736678391e-06
0 9 2.690783804459606e+00 6.640921425332397e-02 1.413787097835882e+00 5.565759698076646e-01 1.368431540059619e-06
0 10 2.688729672837225e+00 7.341276315619367e-02 1.564008738807047e+00 5.622348334392070e-01 1.396399452516969e-06
0 11 2.686467524231896e+00 8.041323214880008e-02 1.714505576378231e+00 5.682362814625012e-01 1.426369655966025e-06
0 12 2.683997222562767e+00 8.740914682201255e-02 1.865279791916349e+00 5.745250387057059e-01 1.458116059664134e-06
0 13 2.681318718452732e+00 9.439902911493166e-02 2.016333583963479e+00 5.810512658515852e-01 1.491430688972980e-06
0 14 2.678432049656804e+00 1.013813983312805e-01 2.167669168329993e+00 5.877670935302005e-01 1.526106029978713e-06
0 15 2.675337341401331e+00 1.083547721638971e-01 2.319288778187701e+00 5.946272335601245e-01 1.561937901316232e-06
0 16 2.672034806633029e+00 1.153176677258558e-01 2.471194664162708e+00 6.015894445742064e-01 1.598728021548655e-06
0 17 2.668524746176999e+00 1.222686025867562e-01 2.623389094428327e+00 6.086148622390114e-01 1.636286242668795e-06
0 18 2.664807548803005e+00 1.292060958126619e-01 2.775874354797683e+00 6.156682085277126e-01 1.674432437487709e-06
0 19 2.660883691199551e+00 1.361286690081907e-01 2.928652748816268e+00 6.227178968764929e-01 1.712998043554160e-06
0 20 2.656753737855423e+00 1.430348473592150e-01 3.081726597854133e+00 6.297272234375851e-01 1.751778165553171e-06
0 21 2.652418340848540e+00 1.499231606746524e-01 3.235098241197954e+00 6.366749085088274e-01 1.790645604871352e-06
0 22 2.647878239542157e+00 1.567921444258038e-01 3.388770036142838e+00 6.435507869761365e-01 1.829531213737962e-06
0 23 2.643134260188664e+00 1.636403407816953e-01 3.542744358083685e+00 6.503379010670680e-01 1.868324470211314e-06
0 24 2.638187315441325e+00 1.704662996389066e-01 3.697023600606468e+00 6.570222149804783e-01 1.906927931018675e-06
0 25 2.633038403774633e+00 1.772685796443427e-01 3.851610175578906e+00 6.635923634742977e-01 1.945256750601350e-06
0 26 2.627688608813925e+00 1.840457492094487e-01 4.006506513240947e+00 6.700394031124496e-01 1.983238104699960e-06
0 27 2.622139098575329e+00 1.907963875143605e-01 4.161715062294672e+00 6.763565725751031e-01 2.020810553745835e-06
0 28 2.616391124617049e+00 1.975190855005205e-01 4.317238289993886e+00 6.825390668201855e-01 2.057923377376458e-06
0 29 2.610446021103364e+00 2.042124468502945e-01 4.473078682233098e+00 6.885838284409215e-01 2.094535906792351e-06
0 30 2.604305203782748e+00 2.108750889521687e-01 4.629238743636074e+00 6.944178551603829e-01 2.130178171770133e-06
0 31 2.597970168881782e+00 2.175056438501220e-01 4.785720997643780e+00 7.000408523817983e-01 2.164815764335561e-06
0 32 2.591442491916624e+00 2.241027591758090e-01 4.942527986601674e+00 7.055267647306327e-01 2.198878127833296e-06
0 33 2.584723826423982e+00 2.306650990622333e-01 5.099662271846501e+00 7.108791101958474e-01 2.232367424634389e-06
0 34 2.577815902613720e+00 2.371913450376114e-01 5.257126433792253e+00 7.161019552792862e-01 2.265290434091667e-06
0 35 2.570720525945319e+00 2.436801968981964e-01 5.414923072015514e+00 7.211997739456331e-01 2.297657736333501e-06
0 36 2.563439575630562e+00 2.501303735588512e-01 5.573054805340014e+00 7.261773303755026e-01 2.329483003823668e-06
0 37 2.555975003065017e+00 2.565406138802314e-01 5.731524271920311e+00 7.310395836733896e-01 2.360782399692234e-06
0 38 2.548328830190904e+00 2.629096774714806e-01 5.890334129324766e+00 7.357916126564052e-01 2.391574080109307e-06
0 39 2.540503147794137e+00 2.692363454673888e-01 6.049487054617471e+00 7.404385588486990e-01 2.421877796510893e-06
0 40 2.532500113738411e+00 2.755194212790336e-01 6.208985744439291e+00 7.448626732074735e-01 2.450905659045548e-06
0 41 2.524321951139298e+00 2.817577313169772e-01 6.368832915087962e+00 7.490745211815887e-01 2.478701460378242e-06
0 42 2.515970946481451e+00 2.879501256861463e-01 6.529031302597039e+00 7.532070242023782e-01 2.506125958204367e-06
0 43 2.507449447682024e+00 2.940954788515950e-01 6.689583662813850e+00 7.572682082428870e-01 2.533224158669937e-06
0 44 2.498759862103580e+00 3.001926902744027e-01 6.850492771476202e+00 7.612655689270951e-01 2.560038798324482e-06
0 45 2.489904654519784e+00 3.062406850170377e-01 7.011761424287992e+00 7.652060015921699e-01 2.586609731233665e-06
0 46 2.480886345037211e+00 3.122384143175644e-01 7.173392436993445e+00 7.690957322316821e-01 2.612973316779895e-06
0 47 2.471707506976717e+00 3.181848561321586e-01 7.335388645450147e+00 7.729412012428459e-01 2.639168308381784e-06
0 48 2.462370764717803e+00 3.240790156454422e-01 7.497752905700586e+00 7.767483478635019e-01 2.665230952800478e-06
0 49 2.452878791509459e+00 3.299199257482336e-01 7.660488094042316e+00 7.805246283047969e-01 2.691208800025294e-06
1 0 2.440158417006281e+00 3.375220527855163e-01 7.875166962300043e+00 7.860753220698230e-01 2.729621916942380e-06
1 1 2.423936062446719e+00 3.468672403193761e-01 8.143784375483074e+00 7.907033878729660e-01 2.761858161700705e-06
1 2 2.407197846455241e+00 3.561288215269939e-01 8.415484475411247e+00 7.955341190934506e-01 2.795707895747724e-06
1 3 2.389946580248744e+00 3.653003446271080e-01 8.690328134572454e+00 8.006067484820810e-01 2.831474566993669e-06
1 4 2.372185718195399e+00 3.743753500557842e-01 8.968377922148360e+00 8.059284468745410e-01 2.869241757030412e-06
1 5 2.353919364831167e+00 3.833473828198320e-01 9.249698162418163e+00 8.114846345511099e-01 2.908940068069995e-06
1 6 2.335152280155273e+00 3.922100051468834e-01 9.534354995431634e+00 8.172465300486889e-01 2.950396216979254e-06
1 7 2.315889883133527e+00 4.009568093887827e-01 9.822416440042794e+00 8.231783364113591e-01 2.993381271449733e-06
1 8 2.296138253345924e+00 4.095814311321664e-01 1.011395245939894e+01 8.292202063146773e-01 3.037483480631582e-06
1 9 2.275904130723276e+00 4.180775624675499e-01 1.040903502898284e+01 8.353041654378957e-01 3.082218807796546e-06
1 10 2.255194913326476e+00 4.264389653659509e-01 1.070773820730940e+01 8.405971680222361e-01 3.121404247510548e-06
1 11 2.234018653131596e+00 4.346594851100586e-01 1.101013820938106e+01 8.452355057912357e-01 3.155946528289569e-06
1 12 2.212384049794113e+00 4.427330637252985e-01 1.131631348301007e+01 8.500857719685139e-01 3.192270368592266e-06
1 13 2.190300442376133e+00 4.506537533547632e-01 1.162634478811823e+01 8.551463339543915e-01 3.230390678411789e-06
1 14 2.167777799031438e+00 4.584157295210243e-01 1.194031527912844e+01 8.604249454239676e-01 3.270394606330739e-06
1 15 2.144826704654520e+00 4.660133042172331e-01 1.225831059056527e+01 8.659231117232087e-01 3.312324175868583e-06
1 16 2.121458346511230e+00 4.734409387697283e-01 1.258041892598470e+01 8.716415077731479e-01 3.356216579837244e-06
1 17 2.097684497880328e+00 4.806932564145762e-01 1.290673115035582e+01 8.775884843437743e-01 3.402169944398305e-06
1 18 2.073517499746896e+00 4.877650545311178e-01 1.323734088602002e+01 8.837777481643299e-01 3.450327322412021e-06
1 19 2.048970240600056e+00 4.946513164766400e-01 1.357234461235521e+01 8.902098754400053e-01 3.500732991850135e-06
1 20 2.024056134398932e+00 5.013472229677881e-01 1.391184176927485e+01 8.968388796665175e-01 3.553063972010485e-06
1 21 1.998789096781792e+00 5.078481629562118e-01 1.425593486469256e+01 9.038487911946301e-01 3.608824271762304e-06
1 22 1.973183519603975e+00 5.141497439482443e-01 1.460472958608460e+01 9.113282096449350e-01 3.668797991175362e-06
1 23 1.947254243900443e+00 5.202478017211026e-01 1.495833491628243e+01 9.191895976881017e-01 3.732367281617442e-06
1 24 1.921016531378327e+00 5.261384093911620e-01 1.531686325362796e+01 9.273426183688892e-01 3.798871562996957e-06
1 25 1.894486034553698e+00 5.318178857932256e-01 1.568043053662192e+01 9.356901965800715e-01 3.867571315622369e-06
1 26 1.867678765654926e+00 5.372828031334690e-01 1.604915637319487e+01 9.441334111328693e-01 3.937684403863217e-06
1 27 1.840611064422208e+00 5.425299938827077e-01 1.642316417472646e+01 9.525833365177130e-01 4.008483795340819e-06
1 28 1.813299564939178e+00 5.475565568808959e-01 1.680258129493429e+01 9.609522702249932e-01 4.079226367679695e-06
1 29 1.785761161637817e+00 5.523598626282237e-01 1.718753917374796e+01 9.691551681744505e-01 4.149165938831627e-06
1 30 1.758012974622232e+00 5.569375577428010e-01 1.757817348627569e+01 9.762365459954393e-01 4.210021321848378e-06
1 31 1.730072314460040e+00 5.612875685696882e-01 1.797462429696247e+01 9.827105046108219e-01 4.266044376912307e-06
1 32 1.701956646592336e+00 5.654081039308514e-01 1.837703621902518e+01 9.898117479916201e-01 4.327921552333136e-06
1 33 1.673683555514179e+00 5.692976570105199e-01 1.878555857923728e+01 9.977049937651619e-01 4.397222726560131e-06
1 34 1.645270708877541e+00 5.729550063752887e-01 1.920034558811723e+01 1.006564373704428e+00 4.475662004631061e-06
1 35 1.616735821667495e+00 5.763792161331419e-01 1.962155651555489e+01 1.016581602916953e+00 4.565187967981426e-06
1 36 1.588096620600231e+00 5.795696352403090e-01 2.004935587188513e+01 1.027970427646730e+00 4.668049087891954e-06
1 37 1.559370808888230e+00 5.825258959694746e-01 2.048391359438951e+01 1.040964211254361e+00 4.786805364525714e-06
1 38 1.530576031513748e+00 5.852479115572949e-01 2.092540523917327e+01 1.055808646787356e+00 4.924301105602730e-06
1 39 1.501729841146594e+00 5.877358730534150e-01 2.137401217832550e+01 1.072750713449177e+00 5.083604974840792e-06
1 40 1.472849664836190e+00 5.899902453971594e-01 2.182992180222580e+01 1.089977076671808e+00 5.248182161066596e-06
1 41 1.443952771601116e+00 5.920117627518028e-01 2.229332772680763e+01 1.107632240507498e+00 5.419576475692283e-06
1 42 1.415056241031827e+00 5.938014231297506e-01 2.276443000552943e+01 1.127117432257287e+00 5.611933361890373e-06
1 43 1.386176933014127e+00 5.953604823450644e-01 2.324343534573489e+01 1.147677482733489e+00 5.818538252329436e-06
1 44 1.357331458672264e+00 5.966904473325546e-01 2.373055732900604e+01 1.168806051323962e+00 6.034747101487751e-06
1 45 1.328536152621469e+00 5.977930688750734e-01 2.422601663502214e+01 1.190254725070733e+00 6.258265740793290e-06
1 46 1.299807046610232e+00 5.986703337827134e-01 2.473004126833603e+01 1.211892446531615e+00 6.487872838757027e-06
1 47 1.271159844622914e+00 5.993244565693220e-01 2.524286678736358e+01 1.233454325428573e+00 6.720789860950463e-06
1 48 1.242609899503400e+00 5.997578706730610e-01 2.576473653475089e+01 1.254211698347351e+00 6.948896872266634e-06
1 49 1.214172191150503e+00 5.999732192687215e-01 2.629590186813569e+01 1.272584150828144e+00 7.153971276963490e-06
1 1 1.199999999999998e+00 5.999999999999950e-01 2.656505117707783e+01 1.276827139416348e+00 7.201755655313698e-06
