2

210000  3.000000e-01

1

361

3    3

23   23

19   19

0    1    2    3    4    5    6    7    8    9    10   11   12   13   14   15   16   17   18   19   20   21   22   23   24   25   26   27   28   29   30   31   32   33   34   35   36   37   38   39   40   41   42   43   44   45   46   47   48   49   50   51   52   53   54   55   56   57   58   59   60   61   62   63   64   65   66   67   68   69   70   71   72   73   74   75   76   77   78   79   80   81   82   83   84   85   86   87   88   89   90   91   92   93   94   95   96   97   98   99   100  101  102  103  104  105  106  107  108  109  110  111  112  113  114  115  116  117  118  119  120  121  122  123  124  125  126  127  128  129  130  131  132  133  134  135  136  137  138  139  140  141  142  143  144  145  146  147  148  149  150  151  152  153  154  155  156  157  158  159  160  161  162  163  164  165  166  167  168  169  170  171  172  173  174  175  176  177  178  179  180  181  182  183  184  185  186  187  188  189  190  191  192  193  194  195  196  197  198  199  200  201  202  203  204  205  206  207  208  209  210  211  212  213  214  215  216  217  218  219  220  221  222  223  224  225  226  227  228  229  230  231  232  233  234  235  236  237  238  239  240  241  242  243  244  245  246  247  248  249  250  251  252  253  254  255  256  257  258  259  260  261  262  263  264  265  266  267  268  269  270  271  272  273  274  275  276  277  278  279  280  281  282  283  284  285  286  287  288  289  290  291  292  293  294  295  296  297  298  299  300  301  302  303  304  305  306  307  308  309  310  311  312  313  314  315  316  317  318  319  320  321  322  323  324  325  326  327  328  329  330  331  332  333  334  335  336  337  338  339  340  341  342  343  344  345  346  347  348  349  350  351  352  353  354  355  356  357  358  359  360

74   0    0

0.0000000000000000e+00  0.0000000000000000e+00  0.0000000000000000e+00  0.0000000000000000e+00  6.2500000000000000e-02  1.2500000000000000e-01  1.8750000000000000e-01  2.5000000000000000e-01  3.1250000000000000e-01  3.7500000000000000e-01  4.3750000000000000e-01  5.0000000000000000e-01  5.6250000000000000e-01  6.2500000000000000e-01  6.8750000000000000e-01  7.5000000000000000e-01  8.1250000000000000e-01  8.7500000000000000e-01  9.3750000000000000e-01  1.0000000000000000e+00  1.0000000000000000e+00  1.0000000000000000e+00  1.0000000000000000e+00
0.0000000000000000e+00  0.0000000000000000e+00  0.0000000000000000e+00  0.0000000000000000e+00  6.2500000000000000e-02  1.2500000000000000e-01  1.8750000000000000e-01  2.5000000000000000e-01  3.1250000000000000e-01  3.7500000000000000e-01  4.3750000000000000e-01  5.0000000000000000e-01  5.6250000000000000e-01  6.2500000000000000e-01  6.8750000000000000e-01  7.5000000000000000e-01  8.1250000000000000e-01  8.7500000000000000e-01  9.3750000000000000e-01  1.0000000000000000e+00  1.0000000000000000e+00  1.0000000000000000e+00  1.0000000000000000e+00

18   0    0.000000e+00
37   0    0.000000e+00
56   0    0.000000e+00
75   0    0.000000e+00
94   0    0.000000e+00
113  0    0.000000e+00
132  0    0.000000e+00
151  0    0.000000e+00
170  0    0.000000e+00
189  0    0.000000e+00
208  0    0.000000e+00
227  0    0.000000e+00
246  0    0.000000e+00
265  0    0.000000e+00
284  0    0.000000e+00
303  0    0.000000e+00
322  0    0.000000e+00
341  0    0.000000e+00
342  0    0.000000e+00
343  0    0.000000e+00
344  0    0.000000e+00
345  0    0.000000e+00
346  0    0.000000e+00
347  0    0.000000e+00
348  0    0.000000e+00
349  0    0.000000e+00
350  0    0.000000e+00
351  0    0.000000e+00
352  0    0.000000e+00
353  0    0.000000e+00
354  0    0.000000e+00
355  0    0.000000e+00
356  0    0.000000e+00
357  0    0.000000e+00
358  0    0.000000e+00
359  0    0.000000e+00
360  0    0.000000e+00
0    1    0.000000e+00
1    1    0.000000e+00
2    1    0.000000e+00
3    1    0.000000e+00
4    1    0.000000e+00
5    1    0.000000e+00
6    1    0.000000e+00
7    1    0.000000e+00
8    1    0.000000e+00
9    1    0.000000e+00
10   1    0.000000e+00
11   1    0.000000e+00
12   1    0.000000e+00
13   1    0.000000e+00
14   1    0.000000e+00
15   1    0.000000e+00
16   1    0.000000e+00
17   1    0.000000e+00
18   1    0.000000e+00
37   1    0.000000e+00
56   1    0.000000e+00
75   1    0.000000e+00
94   1    0.000000e+00
113  1    0.000000e+00
132  1    0.000000e+00
151  1    0.000000e+00
170  1    0.000000e+00
189  1    0.000000e+00
208  1    0.000000e+00
227  1    0.000000e+00
246  1    0.000000e+00
265  1    0.000000e+00
284  1    0.000000e+00
303  1    0.000000e+00
322  1    0.000000e+00
341  1    0.000000e+00
360  1    0.000000e+00

0

1

9

2  2

6  6

3  3

0  1  2  3  4  5  6  7  8

0 0  0

0.0000000000000000e+00  0.0000000000000000e+00  0.0000000000000000e+00  1.0000000000000000e+00  1.0000000000000000e+00  1.0000000000000000e+00
0.0000000000000000e+00  0.0000000000000000e+00  0.0000000000000000e+00  1.0000000000000000e+00  1.0000000000000000e+00  1.0000000000000000e+00

0   0.0000000000000000e+00  0.0000000000000000e+00  1.0000000000000000e+00
1   2.0000000000000001e-01  0.0000000000000000e+00  1.0000000000000000e+00
2   4.0000000000000002e-01  0.0000000000000000e+00  1.0000000000000000e+00
3   0.0000000000000000e+00  5.0000000000000000e-01  1.0000000000000000e+00
4   2.0000000000000001e-01  5.0000000000000000e-01  1.0000000000000000e+00
5   4.0000000000000002e-01  5.0000000000000000e-01  1.0000000000000000e+00
6   0.0000000000000000e+00  1.0000000000000000e+00  1.0000000000000000e+00
7   2.0000000000000001e-01  1.0000000000000000e+00  1.0000000000000000e+00
8   4.0000000000000002e-01  1.0000000000000000e+00  1.0000000000000000e+00