patches, points, x, y, theta_deg, K, J
0 0 2.699999999999981e+00 -5.486436638066782e-16 -1.164258014545086e-14 2.243530460045952e-01 2.223505010626283e-07
0 0 2.699974786122981e+00 3.478873271954877e-03 7.382463223834550e-02 2.244330924367862e-01 2.225091932644297e-07
0 1 2.699772700274452e+00 1.044488400267633e-02 2.216648775812903e-01 2.250048353759233e-01 2.236443209112483e-07
0 2 2.699367610822638e+00 1.742075826582754e-02 3.697614447171333e-01 2.261403015039987e-01 2.259072171239354e-07
0 3 2.698758634629060e+00 2.440509823723368e-02 5.181163646324233e-01 2.278234103387077e-01 2.292824792791595e-07
0 4 2.697944967638696e+00 3.139649388293719e-02 6.667316846499780e-01 2.300302319390993e-01 2.337459025311640e-07
0 5 2.696925886038946e+00 3.839352384243911e-02 8.156094685218960e-01 2.327300657525088e-01 2.392649902412720e-07
0 6 2.695700747345515e+00 4.539475633161763e-02 9.647517965226585e-01 2.358873963478152e-01 2.458010000860857e-07
0 7 2.694268991412910e+00 5.239875006420921e-02 1.114160765542320e+00 2.394614334909302e-01 2.533059130964727e-07
0 8 2.692630141367282e+00 5.940405519068659e-02 1.263838489179743e+00 2.434093673130336e-01 2.617271324617257e-07
0 9 2.690783804459614e+00 6.640921425332395e-02 1.413787097835878e+00 2.476871501250871e-01 2.710073842075223e-07
0 10 2.688729672837233e+00 7.341276315619338e-02 1.564008738807036e+00 2.522595990785479e-01 2.811056497466770e-07
0 11 2.686467524231904e+00 8.041323214880006e-02 1.714505576378226e+00 2.570762778595038e-01 2.919430752459616e-07
0 12 2.683997222562773e+00 8.740914682201253e-02 1.865279791916344e+00 2.620844298692561e-01 3.034286700276827e-07
0 13 2.681318718452739e+00 9.439902911493166e-02 2.016333583963474e+00 2.672430791352461e-01 3.154910953620172e-07
0 14 2.678432049656810e+00 1.013813983312808e-01 2.167669168329994e+00 2.725121675853375e-01 3.280544764498726e-07
0 15 2.675337341401336e+00 1.083547721638971e-01 2.319288778187696e+00 2.778598692385505e-01 3.410561034430613e-07
0 16 2.672034806633035e+00 1.153176677258558e-01 2.471194664162703e+00 2.832559542456384e-01 3.544314631563229e-07
0 17 2.668524746177003e+00 1.222686025867562e-01 2.623389094428323e+00 2.886736490705576e-01 3.681191886292107e-07
0 18 2.664807548803010e+00 1.292060958126625e-01 2.775874354797689e+00 2.940908370806691e-01 3.820649156013392e-07
0 19 2.660883691199555e+00 1.361286690081906e-01 2.928652748816261e+00 2.994950043060742e-01 3.962354583490720e-07
0 20 2.656753737855427e+00 1.430348473592150e-01 3.081726597854130e+00 3.048650222204677e-01 4.105720408440414e-07
0 21 2.652418340848543e+00 1.499231606746524e-01 3.235098241197950e+00 3.101840754713572e-01 4.250237194911589e-07
0 22 2.647878239542160e+00 1.567921444258036e-01 3.388770036142829e+00 3.154225938129098e-01 4.395009007076415e-07
0 23 2.643134260188667e+00 1.636403407816952e-01 3.542744358083679e+00 3.205713234875929e-01 4.539661933628841e-07
0 24 2.638187315441327e+00 1.704662996389062e-01 3.697023600606458e+00 3.256231898158680e-01 4.683869912074432e-07
0 25 2.633038403774635e+00 1.772685796443425e-01 3.851610175578899e+00 3.305914734744294e-01 4.827891132229846e-07
0 26 2.627688608813928e+00 1.840457492094487e-01 4.006506513240942e+00 3.354373605874929e-01 4.970465185383127e-07
0 27 2.622139098575331e+00 1.907963875143603e-01 4.161715062294664e+00 3.401757870029994e-01 5.111883743564569e-07
0 28 2.616391124617051e+00 1.975190855005199e-01 4.317238289993871e+00 3.448059015518112e-01 5.251985915918017e-07
0 29 2.610446021103366e+00 2.042124468502943e-01 4.473078682233090e+00 3.493278985847044e-01 5.390644779802961e-07
0 30 2.604305203782750e+00 2.108750889521688e-01 4.629238743636071e+00 3.537374239420859e-01 5.527594671768764e-07
0 31 2.597970168881784e+00 2.175056438501219e-01 4.785720997643775e+00 3.580524688497930e-01 5.663273257717626e-07
0 32 2.591442491916626e+00 2.241027591758094e-01 4.942527986601677e+00 3.622390691650699e-01 5.796485453345361e-07
0 33 2.584723826423983e+00 2.306650990622330e-01 5.099662271846496e+00 3.663155712049460e-01 5.927682471531908e-07
0 34 2.577815902613724e+00 2.371913450376116e-01 5.257126433792250e+00 3.702890296037215e-01 6.056976143438242e-07
0 35 2.570720525945320e+00 2.436801968981964e-01 5.414923072015513e+00 3.741634848584610e-01 6.184391514334917e-07
0 36 2.563439575630563e+00 2.501303735588514e-01 5.573054805340016e+00 3.779431946521364e-01 6.309969083947332e-07
0 37 2.555975003065018e+00 2.565406138802317e-01 5.731524271920316e+00 3.816477748711765e-01 6.434275334871329e-07
0 38 2.548328830190905e+00 2.629096774714807e-01 5.890334129324766e+00 3.852647913304686e-01 6.556813256767363e-07
0 39 2.540503147794139e+00 2.692363454673891e-01 6.049487054617471e+00 3.887850244194045e-01 6.677182215710935e-07
0 40 2.532500113738412e+00 2.755194212790339e-01 6.208985744439295e+00 3.922348021342295e-01 6.796204242951607e-07
0 41 2.524321951139299e+00 2.817577313169774e-01 6.368832915087966e+00 3.956161271947439e-01 6.913884916887219e-07
0 42 2.515970946481450e+00 2.879501256861464e-01 6.529031302597045e+00 3.989268292445342e-01 7.030086394800918e-07
0 43 2.507449447682025e+00 2.940954788515951e-01 6.689583662813847e+00 4.021732175670000e-01 7.144970883721167e-07
0 44 2.498759862103581e+00 3.001926902744029e-01 6.850492771476206e+00 4.053648742599368e-01 7.258826212050226e-07
0 45 2.489904654519784e+00 3.062406850170376e-01 7.011761424287990e+00 4.084934812473963e-01 7.371305875809291e-07
0 46 2.480886345037212e+00 3.122384143175647e-01 7.173392436993452e+00 4.115720896563605e-01 7.482832152210385e-07
0 47 2.471707506976719e+00 3.181848561321587e-01 7.335388645450147e+00 4.146058383547650e-01 7.593552480099531e-07
0 48 2.462370764717803e+00 3.240790156454422e-01 7.497752905700586e+00 4.176000558601944e-01 7.703627381336803e-07
0 49 2.452878791509459e+00 3.299199257482338e-01 7.660488094042321e+00 4.205599689494977e-01 7.813219689774284e-07
1 0 2.440158417006281e+00 3.375220527855163e-01 7.875166962300043e+00 4.221088539514649e-01 7.870876454933951e-07
1 1 2.423936062446719e+00 3.468672403193761e-01 8.143784375483074e+00 4.272477412147249e-01 8.063688129102276e-07
1 2 2.407197846455241e+00 3.561288215269939e-01 8.415484475411247e+00 4.323722224235200e-01 8.258282632929271e-07
1 3 2.389946580248743e+00 3.653003446271081e-01 8.690328134572463e+00 4.375236171841451e-01 8.456237533516870e-07
1 4 2.372185718195399e+00 3.743753500557844e-01 8.968377922148367e+00 4.427289433700076e-01 8.658646346638167e-07
1 5 2.353919364831167e+00 3.833473828198320e-01 9.249698162418163e+00 4.480035442387246e-01 8.866190769025123e-07
1 6 2.335152280155273e+00 3.922100051468834e-01 9.534354995431634e+00 4.534059266702916e-01 9.081311177144110e-07
1 7 2.315889883133527e+00 4.009568093887827e-01 9.822416440042794e+00 4.587969446630188e-01 9.298549473457778e-07
1 8 2.296138253345924e+00 4.095814311321664e-01 1.011395245939894e+01 4.642471811000838e-01 9.520784227914095e-07
1 9 2.275904130723276e+00 4.180775624675503e-01 1.040903502898285e+01 4.697528254642134e-01 9.747942839745956e-07
1 10 2.255194913326477e+00 4.264389653659507e-01 1.070773820730939e+01 4.747433521136488e-01 9.956162031177406e-07
1 11 2.234018653131596e+00 4.346594851100583e-01 1.101013820938105e+01 4.793217294660196e-01 1.014912046154609e-06
1 12 2.212384049794113e+00 4.427330637252985e-01 1.131631348301007e+01 4.841304066519832e-01 1.035377903334773e-06
1 13 2.190300442376134e+00 4.506537533547630e-01 1.162634478811822e+01 4.891195935349669e-01 1.056827955677807e-06
1 14 2.167777799031438e+00 4.584157295210238e-01 1.194031527912843e+01 4.943269584668075e-01 1.079450578150538e-06
1 15 2.144826704654520e+00 4.660133042172331e-01 1.225831059056527e+01 4.998005649920637e-01 1.103488108434036e-06
1 16 2.121458346511230e+00 4.734409387697283e-01 1.258041892598470e+01 5.055599776632068e-01 1.129066557395574e-06
1 17 2.097684497880328e+00 4.806932564145764e-01 1.290673115035582e+01 5.116315107774732e-01 1.156348497896117e-06
1 18 2.073517499746897e+00 4.877650545311176e-01 1.323734088602001e+01 5.180520733987471e-01 1.185553083422302e-06
1 19 2.048970240600056e+00 4.946513164766396e-01 1.357234461235520e+01 5.248287316336037e-01 1.216772474605848e-06
1 20 2.024056134398932e+00 5.013472229677879e-01 1.391184176927484e+01 5.321813195540790e-01 1.251104032829670e-06
1 21 1.998789096781793e+00 5.078481629562123e-01 1.425593486469257e+01 5.400142835845002e-01 1.288204068410222e-06
1 22 1.973183519603975e+00 5.141497439482443e-01 1.460472958608459e+01 5.480254440253105e-01 1.326708822535030e-06
1 23 1.947254243900443e+00 5.202478017211026e-01 1.495833491628243e+01 5.561712433769475e-01 1.366442093607322e-06
1 24 1.921016531378326e+00 5.261384093911615e-01 1.531686325362796e+01 5.644047338736693e-01 1.407198836375227e-06
1 25 1.894486034553698e+00 5.318178857932254e-01 1.568043053662192e+01 5.726658566281292e-01 1.448694305079332e-06
1 26 1.867678765654926e+00 5.372828031334688e-01 1.604915637319486e+01 5.808282655324382e-01 1.490286123192683e-06
1 27 1.840611064422209e+00 5.425299938827077e-01 1.642316417472646e+01 5.889329042072778e-01 1.532165964799985e-06
1 28 1.813299564939179e+00 5.475565568808965e-01 1.680258129493431e+01 5.969437933783407e-01 1.574131660835728e-06
1 29 1.785761161637818e+00 5.523598626282240e-01 1.718753917374797e+01 6.048304906123125e-01 1.616000627964276e-06
1 30 1.758012974622232e+00 5.569375577428011e-01 1.757817348627569e+01 6.118882736489525e-01 1.653934980973188e-06
1 31 1.730072314460039e+00 5.612875685696878e-01 1.797462429696247e+01 6.188020454897208e-01 1.691522010034267e-06
1 32 1.701956646592336e+00 5.654081039308515e-01 1.837703621902519e+01 6.265105257829020e-01 1.733927424341064e-06
1 33 1.673683555514179e+00 5.692976570105198e-01 1.878555857923728e+01 6.351698471183286e-01 1.782189653234815e-06
1 34 1.645270708877541e+00 5.729550063752887e-01 1.920034558811723e+01 6.448598962963212e-01 1.836982039440218e-06
1 35 1.616735821667495e+00 5.763792161331420e-01 1.962155651555489e+01 6.556714806598303e-01 1.899095302917939e-06
1 36 1.588096620600231e+00 5.795696352403091e-01 2.004935587188513e+01 6.677194548190799e-01 1.969528330159900e-06
1 37 1.559370808888230e+00 5.825258959694742e-01 2.048391359438950e+01 6.811526850644252e-01 2.049571709403559e-06
1 38 1.530576031513748e+00 5.852479115572949e-01 2.092540523917327e+01 6.960221168017073e-01 2.140031923496057e-06
1 39 1.501729841146594e+00 5.877358730534147e-01 2.137401217832548e+01 7.125313524028679e-01 2.242756527295750e-06
1 40 1.472849664836190e+00 5.899902453971594e-01 2.182992180222580e+01 7.287755597370673e-01 2.346182393144509e-06
1 41 1.443952771601116e+00 5.920117627518028e-01 2.229332772680763e+01 7.448957043695144e-01 2.451123036180685e-06
1 42 1.415056241031827e+00 5.938014231297505e-01 2.276443000552943e+01 7.625957129340489e-01 2.568992822624783e-06
1 43 1.386176933014127e+00 5.953604823450647e-01 2.324343534573490e+01 7.814389923377396e-01 2.697517853682999e-06
1 44 1.357331458672264e+00 5.966904473325546e-01 2.373055732900604e+01 8.012114364965099e-01 2.835753335122568e-06
1 45 1.328536152621469e+00 5.977930688750732e-01 2.422601663502214e+01 8.219550907383297e-01 2.984491532929596e-06
1 46 1.299807046610232e+00 5.986703337827134e-01 2.473004126833603e+01 8.438108348278461e-01 3.145316600608294e-06
1 47 1.271159844622914e+00 5.993244565693220e-01 2.524286678736359e+01 8.666972188136352e-01 3.318249043108515e-06
1 48 1.242609899503400e+00 5.997578706730607e-01 2.576473653475089e+01 8.899382656087522e-01 3.498597116996067e-06
1 49 1.214172191150503e+00 5.999732192687215e-01 2.629590186813569e+01 9.118263455016449e-01 3.672809848346143e-06
1 1 1.199999999999998e+00 5.999999999999950e-01 2.656505117707783e+01 9.164773927267542e-01 3.710373972597566e-06
