530 2
 0.00000000000000000000e+00  0.00000000000000000000e+00
 1.04813301644933391659e-06  0.00000000000000000000e+00
-1.64854266650938387727e-05  0.00000000000000000000e+00
-1.39616579877793124984e-05  0.00000000000000000000e+00
-1.56901394720737494227e-05  0.00000000000000000000e+00
-2.41535297292060202449e-05  0.00000000000000000000e+00
-2.74844621002648047093e-05  0.00000000000000000000e+00
-3.45914803634139779724e-05  0.00000000000000000000e+00
-3.91381387733643584977e-05  0.00000000000000000000e+00
-4.53104283228391359903e-05  0.00000000000000000000e+00
-5.05020687054916458448e-05  0.00000000000000000000e+00
-5.44203843558300381011e-05  0.00000000000000000000e+00
-5.62119799567281039918e-05  0.00000000000000000000e+00
 0.00000000000000000000e+00  1.85950455097216251320e-06
 3.93889099517376641815e-06  4.78697547580349815158e-06
 3.46983982068628819470e-05 -5.57166502281581342559e-05
 4.42990661055039330575e-06 -1.31191702202396040999e-04
-1.87180279065275689506e-05  1.77056300923227939205e-05
-2.25802278326977260087e-05  1.34452077903467582671e-07
-2.84797975954730114769e-05  6.09975280093283856489e-06
-3.39529578158931843665e-05  3.57057969718787540222e-06
-3.95326884025631441338e-05  4.62792258956613805447e-06
-4.50659071403363212238e-05  4.21046975296768700298e-06
-5.06780889907730889383e-05  4.35472424613057443397e-06
-5.43426866311850175189e-05  4.31680000947145625054e-06
-5.62165340480546719742e-05  4.29215523150258793203e-06
 0.00000000000000000000e+00 -2.20624522643208320963e-05
-4.41335525974681562675e-05  3.60403436542755081415e-05
 3.94682793565784401069e-05  4.58418162144226594445e-05
-1.18767066357764342017e-05  2.65025037795825691355e-05
-1.84249767196994786698e-05  1.29217528070038617386e-05
-2.21439817129784245091e-05  1.28704044231781252074e-05
-2.89453859731431779271e-05  1.30344053923975508467e-05
-3.35779382956088672907e-05  1.29868319831149419303e-05
-3.97089801446075187259e-05  1.29567353944316507791e-05
-4.49668343270561828777e-05  1.29803263867128593781e-05
-5.06944390048155114274e-05  1.29393183747650070050e-05
-5.43320222768567653230e-05  1.29289597869691164734e-05
-5.61918392361611472152e-05  1.29247158683380987767e-05
 0.00000000000000000000e+00  2.31309252825294327802e-05
-1.06162625560863530796e-04  4.65637637828681094079e-05
 5.18827717428963057511e-06  2.63290348481352872822e-05
-1.27388073772929385992e-05  2.49587613179244034538e-05
-1.61095953047994515112e-05  2.55552403660343427643e-05
-2.29372102093393464260e-05  2.62573873114674365928e-05
-2.80491579256204622667e-05  2.59644044782505391158e-05
-3.39835939647801138540e-05  2.59622902874772391532e-05
-3.93662588949218874646e-05  2.59957344396024886846e-05
-4.50556866302074388161e-05  2.59001414800578592468e-05
-5.05662685693850980887e-05  2.59290019951258038594e-05
-5.43066949607404761890e-05  2.58564445217095293576e-05
-5.61570106527956396905e-05  2.58457164324193211589e-05
 0.00000000000000000000e+00  4.19563406439260944201e-05
 8.44941818635739586713e-06  3.86842238286623418190e-05
-5.36863342892098513638e-06  3.92823433199206232527e-05
-1.13324489759465148577e-05  4.04201519332309661126e-05
-1.67680805967372845177e-05  3.94420401235442570609e-05
-2.25845459706753597302e-05  3.91440089273692028529e-05
-2.81272852626068679176e-05  3.90334031370238485840e-05
-3.37375354698027339075e-05  3.90299988053067882054e-05
-3.93682824348230399813e-05  3.89238931864305313761e-05
-4.49240494709269129947e-05  3.89333621742727175176e-05
-5.05257111431884259117e-05  3.88417551139340916518e-05
-5.42238536466058826326e-05  3.88269258527170475054e-05
-5.60824532308327159975e-05  3.87888811824613782982e-05
 0.00000000000000000000e+00  5.19512258446326930157e-05
-5.01636243065347600060e-06  5.34702301934886819394e-05
-5.62930838525732253966e-06  5.34457446527804853182e-05
-1.09716733447983287608e-05  5.23925682454065829515e-05
-1.66486827871099904821e-05  5.22801158511857080131e-05
-2.23096827125895247725e-05  5.22897214606459927026e-05
-2.80229517784460520216e-05  5.20716265588498303241e-05
-3.36547198922628330495e-05  5.20309745517878356009e-05
-3.92457911575906745905e-05  5.19547519238806130974e-05
-4.48568870876687216930e-05  5.18874247349409434141e-05
-5.04224591378477698055e-05  5.18347040676472677252e-05
-5.41489639270619667875e-05  5.17714539947575078582e-05
-5.60036531281319735378e-05  5.17471224479501399783e-05
 0.00000000000000000000e+00  6.66030678301214286918e-05
-5.01031777478972271091e-07  6.57010488383183991401e-05
-5.42769653644371129214e-06  6.53845350338660708921e-05
-1.10598978802147505045e-05  6.58039779960734418692e-05
-1.67239844650183511437e-05  6.54592615743664264132e-05
-2.23421752666402688176e-05  6.52708431121539617292e-05
-2.79298704163980659630e-05  6.51533046774871693304e-05
-3.35609893148933234944e-05  6.50383841966915469219e-05
-3.91656839857793600147e-05  6.49534553585412514866e-05
-4.47546669426358964452e-05  6.48812687449602500328e-05
-5.03432748556597729934e-05  6.47969868683002621964e-05
-5.40565641825442754127e-05  6.47473735901704454919e-05
-5.59169029912629447104e-05  6.47123831949032577620e-05
 0.00000000000000000000e+00  7.82155138040241030119e-05
-2.40679248715334000484e-06  7.87708264979815109058e-05
-5.55855397606332285069e-06  7.89538370323659733111e-05
-1.11144224867999449945e-05  7.84850471774501702842e-05
-1.66232708805209862242e-05  7.84407041102503033375e-05
-2.22538331968004215718e-05  7.82858325147315232137e-05
-2.78780881471191676300e-05  7.81584424089436328184e-05
-3.34797178765532555279e-05  7.80509827138724894199e-05
-3.90793194375664012467e-05  7.79520262039217924285e-05
-4.46707036005843750653e-05  7.78621966909773016892e-05
-5.02506154077687325126e-05  7.77788192606341182529e-05
-5.39716208892691522831e-05  7.77161146478718025234e-05
-5.58299855247095530922e-05  7.76876560145125995716e-05
 0.00000000000000000000e+00  9.19403926585277397323e-05
-1.62434201184757302451e-06  9.16073325739867339859e-05
-5.52934986481187873110e-06  9.14705201273966546794e-05
-1.10484163392788636203e-05  9.15832493229638524212e-05
-1.66790912914405739867e-05  9.14041234857513630596e-05
-2.22333217972557315204e-05  9.12949741708792017209e-05
-2.78215825566654743786e-05  9.11606498971998863894e-05
-3.34127377346953862596e-05  9.10464219958778529394e-05
-3.90011907827945864002e-05  9.09416396699494510632e-05
-4.45851127987903896131e-05  9.08463808309763231393e-05
-5.01670510414564508966e-05  9.07531814432597800507e-05
-5.38848777232308422092e-05  9.06945052116769868337e-05
-5.57450807019127384575e-05  9.06628577306779943629e-05
 0.00000000000000000000e+00  1.04391878305240017304e-04
-1.92176810287677828887e-06  1.04594132375953103209e-04
-5.53364297934236902131e-06  1.04626422833342474193e-04
-1.11020852544134258271e-05  1.04458387470388424484e-04
-1.66071530208957308244e-05  1.04392434987730554235e-04
-2.21947285931930254010e-05  1.04259003075055827273e-04
-2.77638088357586391432e-05  1.04147996902576321686e-04
-3.33444457508199945651e-05  1.04030562905507150957e-04
-3.89235602991454791725e-05  1.03924599338537691578e-04
-4.45038423759286521394e-05  1.03824237412892704177e-04
-5.00815603031888592817e-05  1.03730975853222716766e-04
-5.38010708543625607242e-05  1.03668967590421370970e-04
-5.56599657432297202208e-05  1.03639634598763689900e-04
 0.00000000000000000000e+00  1.17631364895618047151e-04
-1.81740326636486404488e-06  1.17487921587286066826e-04
-5.52017194866520587973e-06  1.17462689508567328994e-04
-1.10299983653999750531e-05  1.17452009141616879368e-04
-1.66054971303191061611e-05  1.17338727103603746439e-04
-2.21364040127007385874e-05  1.17241584883399699020e-04
-2.77035699710471109032e-05  1.17118299250176856482e-04
-3.32688475807437432884e-05  1.17008281425952842449e-04
-3.88444123114491525299e-05  1.16899882189549323710e-04
-4.44202744352934717756e-05  1.16800346003726802273e-04
-4.99984644074540190962e-05  1.16704473424351803891e-04
-5.37161215849085284875e-05  1.16645626480693458647e-04
-5.55762575495453276485e-05  1.16614865612523911751e-04
 0.00000000000000000000e+00  1.26095050101299605829e-04
-1.82715952027113626895e-06  1.26157586563098146832e-04
-5.51380506282807845362e-06  1.26140578593242526232e-04
-1.10300301746327605439e-05  1.26067209832718581108e-04
-1.65403532588053908171e-05  1.25986281698502140336e-04
-2.20919227467759570469e-05  1.25874438903456867429e-04
-2.76425320142853725132e-05  1.25766137754620890149e-04
-3.32125263503708337189e-05  1.25653989749851559537e-04
-3.87851507877380718829e-05  1.25549210333321885997e-04
-4.43638449735770309403e-05  1.25449199624084675600e-04
-4.99428990432911862449e-05  1.25354423394886634654e-04
-5.36618279500622086969e-05  1.25293638636759586177e-04
-5.55203244472856241956e-05  1.25265802411010494398e-04
 0.00000000000000000000e+00  1.30454795697916418364e-04
-1.84538650171459743589e-06  1.30452000035186104930e-04
-5.49226039497160865101e-06  1.30449769010147862292e-04
-1.10020995424050133668e-05  1.30383084335628488979e-04
-1.65190968351550023776e-05  1.30302127858309714763e-04
-2.20556843705460002569e-05  1.30196687607879798979e-04
-2.76117656583033777669e-05  1.30087510967220361261e-04
-3.31787462857483677389e-05  1.29978478678356522804e-04
-3.87552391604328559942e-05  1.29873518080310336367e-04
-4.43346128367181664546e-05  1.29774414312612871398e-04
-4.99150988629739383244e-05  1.29679243859094541630e-04
-5.36362510013979628776e-05  1.29618783381038252386e-04
-5.54966396789672718431e-05  1.29590752331750131733e-04
-2.68982186702413819302e-06  0.00000000000000000000e+00
-2.90497445514930682781e-06  0.00000000000000000000e+00
-1.47754698353733939147e-06  0.00000000000000000000e+00
 1.08144330456893667371e-06  0.00000000000000000000e+00
 3.49861308694897133449e-06  0.00000000000000000000e+00
 5.03516244429590525798e-06  0.00000000000000000000e+00
 5.52483523357208291372e-06  0.00000000000000000000e+00
 5.28632413193270702208e-06  0.00000000000000000000e+00
 4.52723141130681836647e-06  0.00000000000000000000e+00
 3.47636091969221404556e-06  0.00000000000000000000e+00
 2.36899144517770146422e-06  0.00000000000000000000e+00
 1.40448354114882238628e-06  0.00000000000000000000e+00
 5.96478937390895818879e-07  0.00000000000000000000e+00
-2.33776318104962381101e-08  0.00000000000000000000e+00
-4.35784938499564012455e-07  0.00000000000000000000e+00
-5.91665500645547934679e-07  0.00000000000000000000e+00
-4.63898831786532837605e-07  0.00000000000000000000e+00
-1.90838769767946210466e-07  0.00000000000000000000e+00
 0.00000000000000000000e+00  0.00000000000000000000e+00
-2.94485987615065083881e-06  5.35868696223760456794e-07
-3.27773121512755916113e-06  5.31375364404503127182e-07
-2.19118550138796703758e-06  8.81658373722228832128e-07
-4.30048353151334847634e-07  2.03708455434788408432e-06
 1.00061854600977956686e-06  3.82934213017735520699e-06
 1.60081354376317953115e-06  6.17253698767030397373e-06
 1.43093536441023297718e-06  8.93299546341831909760e-06
 8.49085327606924707295e-07  1.18559392432940589348e-05
 9.82958259177972256039e-08  1.46230812099298318322e-05
-6.43152636339627566442e-07  1.68042335715967430722e-05
-1.21513449840308584070e-06  1.78750828652333458905e-05
-1.53931329215770881441e-06  1.72717735880343199436e-05
-1.66420801648637198333e-06  1.51946026521398689128e-05
-1.61103800891629031058e-06  1.19654928678741783425e-05
-1.39373817248727822669e-06  8.12849260860839374989e-06
-1.01003858794813519014e-06  4.32166057654764892607e-06
-5.23866482311341083469e-07  1.51366586111458020651e-06
-1.48511691300157682993e-07  4.02346490348462021466e-07
 0.00000000000000000000e+00  0.00000000000000000000e+00
-3.42186218186147288761e-06  1.59337065293747607072e-06
-3.95348815131556660744e-06  1.55668055333376373213e-06
-3.50124548293054961248e-06  2.53180387718157848728e-06
-3.21377207765129578411e-06  5.71325999210830388772e-06
-3.57906281871029406273e-06  1.05354293678271813289e-05
-4.61106405126672551581e-06  1.66841811459417608415e-05
-5.84831177310237982888e-06  2.37023790116201446348e-05
-6.85063653674444505450e-06  3.08898147465934628099e-05
-7.39010915673841235415e-06  3.73762143942546714963e-05
-7.33750260260700113557e-06  4.21443789142352562109e-05
-6.79774781896369709693e-06  4.39606515490611763556e-05
-5.97453918495460611178e-06  4.16247262920176435406e-05
-4.90321993874583625519e-06  3.58883696745219773236e-05
-3.68926566414031391415e-06  2.77033547609064310924e-05
-2.50134734181579371467e-06  1.84116746653918621581e-05
-1.44699415726943753471e-06  9.53382712806653722769e-06
-6.06396900839799823394e-07  3.17767004657392544429e-06
-1.87941051924624793179e-07  8.02203024697590270411e-07
 0.00000000000000000000e+00  0.00000000000000000000e+00
-3.99589691743745003383e-06  3.07515007026382592811e-06
-4.69177907377547001334e-06  2.92268778566303625481e-06
-4.99575416844828399716e-06  4.54720220626075910845e-06
-6.46307182025847788188e-06  9.76695701266961952437e-06
-8.91881763516567855645e-06  1.73565287172576560471e-05
-1.17695474783966343949e-05  2.65845815723490402915e-05
-1.39951723577434076291e-05  3.64986633789946216390e-05
-1.51405104139019390036e-05  4.59513231065053920983e-05
-1.49941971609693362646e-05  5.37150704904461724588e-05
-1.36916921686543965772e-05  5.84724152412992566959e-05
-1.15363808042192151173e-05  5.90342952422266603108e-05
-9.12656056842711816540e-06  5.41556550979228133844e-05
-6.80739648673679202765e-06  4.51534735181973625301e-05
-4.71905384738359944349e-06  3.38306028424741005015e-05
-2.93760016481467693022e-06  2.20708904536693812141e-05
-1.52851395997273537116e-06  1.14983752933624817645e-05
-5.64756380323627499639e-07  3.93516104214789360234e-06
-1.76341000909236033236e-07  1.11748495860766986410e-06
 0.00000000000000000000e+00  0.00000000000000000000e+00
-4.39958685340033047242e-06  4.42758211091808321220e-06
-5.11720260405245465823e-06  4.10042140612758570524e-06
-5.94951225852548034847e-06  6.06135444832973387081e-06
-8.67309936216722975034e-06  1.22922172477299071480e-05
-1.25997924294864302783e-05  2.09534180949297107609e-05
-1.67519898674685638665e-05  3.09275925382139943746e-05
-1.95587251398720156120e-05  4.08371824998551757250e-05
-2.05822926644875647958e-05  4.93874123215997892257e-05
-1.97091600371900266481e-05  5.53225706634218481676e-05
-1.71820773583731142245e-05  5.76667188373964674378e-05
-1.36586245441232831746e-05  5.57063465738339810471e-05
-1.01498576998269167437e-05  4.89562197377796045911e-05
-6.94733222629060617271e-06  3.90145775184099892984e-05
-4.24598467277924825655e-06  2.79810057238910693035e-05
-2.24585374278375458831e-06  1.74270637890479583891e-05
-9.81656597359493760403e-07  8.81194349590180737595e-06
-2.72095340761915180228e-07  2.90587498307470236050e-06
-6.14004164792908080762e-08  8.34579547038193189401e-07
 0.00000000000000000000e+00  0.00000000000000000000e+00
-4.60616868026335772509e-06  5.62183053232581748308e-06
-5.20279106612545062772e-06  5.08078432714783109628e-06
-6.31040187321652712308e-06  7.06335860806807411900e-06
-9.74344521435001738275e-06  1.33236232020014000373e-05
-1.44908806544094378901e-05  2.15683675768575735816e-05
-1.94871225980062589102e-05  3.04100619355859478569e-05
-2.26494777111868138394e-05  3.82279322607801140326e-05
-2.35221523395000296807e-05  4.37967016625596234324e-05
-2.20416583013753368742e-05  4.62358381420117272166e-05
-1.87530165542564006601e-05  4.49935011776362174031e-05
-1.42001830325906973503e-05  4.05148872497024177845e-05
-9.54308968402628979451e-06  3.28631533114265696281e-05
-5.87214197572611854665e-06  2.33268428873639059368e-05
-3.15005725792086921364e-06  1.45527243267679056305e-05
-1.35004355328731856047e-06  7.88184103477231368952e-06
-3.17146206081942237925e-07  3.52798545620603452649e-06
 5.47585376509403288668e-08  1.05282933215391117763e-06
 4.86890363920282140530e-08  2.59858840588319041658e-07
 0.00000000000000000000e+00  0.00000000000000000000e+00
-4.60266906045148888158e-06  6.64922226809081516765e-06
-4.95028764319967957215e-06  5.87828152225605954346e-06
-6.07851895134710408687e-06  7.60923532827257961147e-06
-9.64912197276199777585e-06  1.30540237706728917759e-05
-1.45619550092351755609e-05  1.97521356669455798829e-05
-1.99211128406853374678e-05  2.61703806468919685446e-05
-2.33889808364099728002e-05  3.07743941321313917115e-05
-2.42233976282914567309e-05  3.25348086019322079842e-05
-2.25876389071081772801e-05  3.11501009822890505122e-05
-1.88391200114367255607e-05  2.70142588458314530052e-05
-1.40382417514926852414e-05  2.05175828718086328013e-05
-9.06291328208256938964e-06  1.38014198202306445455e-05
-5.16685731770236956036e-06  8.21404484178409074568e-06
-2.42374960499551287405e-06  4.14012783618493539087e-06
-7.79615354770796511468e-07  1.51310955200241541108e-06
 1.05890688522545098778e-08  1.21952667435771151034e-07
 2.37651243418519637382e-07 -2.69654924154145812409e-07
 1.02405044604615608717e-07 -1.14565069986519506689e-07
 0.00000000000000000000e+00  0.00000000000000000000e+00
-4.39430603912880067438e-06  7.51839217432625810995e-06
-4.38903934222339267893e-06  6.53998514062477653017e-06
-5.32122054196831605088e-06  7.79866953488747643661e-06
-8.44072626800085500033e-06  1.18295279389893915581e-05
-1.29264252096783343606e-05  1.62518073065528702780e-05
-1.80014525814956423628e-05  1.96364772346267012063e-05
-2.18443873994329703639e-05  2.07922516559703986704e-05
-2.28788052687168137712e-05  1.91225781547559369269e-05
-2.14941285800493461062e-05  1.50238584804345063072e-05
-1.82987527216743449008e-05  9.49877984183992426842e-06
-1.39446609730809630815e-05  5.22073527881134079098e-06
-9.33388488091091607238e-06  2.06564715748460367721e-06
-5.21506502265604884156e-06 -3.57471452369944773467e-07
-2.59648223792705456724e-06 -1.84856354991397183066e-06
-8.91694902898644789174e-07 -2.24257965488089480659e-06
-3.07869464750776246729e-08 -1.87774514348651836027e-06
 1.88505593588125481656e-07 -1.09083238467611096299e-06
 9.78184785437810268668e-08 -3.91165997640822894607e-07
 0.00000000000000000000e+00  0.00000000000000000000e+00
-4.00205102671404219908e-06  8.25562043110512726318e-06
-3.59416468817680420799e-06  7.12636856061440165250e-06
-4.13180995142661171629e-06  7.78288967515463897138e-06
-6.30965995408543864489e-06  1.00686461040470552169e-05
-9.76862988996029168662e-06  1.19411470042124627001e-05
-1.38742724859392768617e-05  1.22276439399605242186e-05
-1.78819058833490979654e-05  1.04827964433538951768e-05
-1.94328832720791071535e-05  6.54060877535611876805e-06
-1.90240365205045900321e-05  1.82044027852198698224e-06
-1.68690917712096778095e-05 -1.19099327607409491984e-06
-1.37396206375818243144e-05 -3.53200788623179801889e-06
-9.99812851647381131606e-06 -4.80404898591454168996e-06
-6.25172585497163719131e-06 -4.91003485717776439346e-06
-3.06506209222101568817e-06 -4.19193303309968256327e-06
-1.31575751373706742648e-06 -3.09322344942402440004e-06
-4.07165681354062116611e-07 -1.73549304290272590111e-06
-1.64195465530421959274e-08 -5.84706214969045267490e-07
-5.77333639960455589658e-09 -1.54690892158178317985e-07
 0.00000000000000000000e+00  0.00000000000000000000e+00
-3.46563436926599244365e-06  8.90414248732069056385e-06
-2.66514691898616938771e-06  7.70063121964340905582e-06
-2.64492851323454793611e-06  7.73384761260986614809e-06
-3.56371051804883706715e-06  8.22303511978733989033e-06
-5.36202750445758361306e-06  7.64725411790958117732e-06
-8.04666751921276534795e-06  5.27401529979095634229e-06
-1.11561550840092073837e-05  1.38923026505601636812e-06
-1.38667355735078817161e-05 -3.07427468245661323005e-06
-1.44683025364353545208e-05 -5.88451614845885370583e-06
-1.40139046492799401706e-05 -7.79868980026502456912e-06
-1.21726860366372424736e-05 -8.08843831738350719791e-06
-9.63384239122312470178e-06 -7.27581205809996532749e-06
-6.88291733653882135995e-06 -5.74524186681594313184e-06
-4.30019502130893194446e-06 -3.88777348112188392417e-06
-2.05624034749638357771e-06 -1.95551166131209988615e-06
-7.75921051512065274596e-07 -7.78407649076974266411e-07
-2.23131411247918149437e-07 -2.48598876362294297057e-07
-4.91890112143087371953e-08 -5.86726324764799487860e-08
 0.00000000000000000000e+00  0.00000000000000000000e+00
-2.84284631157250626782e-06  9.50552152778100645084e-06
-1.68733134625306794874e-06  8.33937782992340237117e-06
-1.08852978764571967420e-06  7.79180408798951128690e-06
-4.96880477189712903615e-07  6.74040904988446670315e-06
-3.17216611761876614954e-07  4.05664039232571490607e-06
-9.17449883478868169729e-07 -2.18042079823307299575e-07
-2.44901850798346971163e-06 -5.45067704973576694811e-06
-4.97837297234568034371e-06 -8.91104173905278095327e-06
-7.45076530957442231188e-06 -1.07523478564037512899e-05
-8.07826328804308352208e-06 -1.08722825834026973533e-05
-8.06786542608642110201e-06 -9.75909277032226142297e-06
-7.34089105347875904882e-06 -7.58575136567992006016e-06
-5.98855597525362855969e-06 -4.92408742124231410770e-06
-4.38461630118742982806e-06 -2.38822321161789685826e-06
-2.90210518877611034868e-06 -1.02429688579434782543e-06
-1.51362102150596551759e-06 -3.13709856925889889974e-07
-4.77988337536258104006e-07  1.01602860120914348621e-08
-1.24531092662964172570e-07  4.96845291681060364894e-09
 0.00000000000000000000e+00  0.00000000000000000000e+00
-2.18829533787782746533e-06  1.01096871959561411520e-05
-7.78885529640185161540e-07  9.07053143018730746532e-06
 3.63694994067176230895e-07  8.13861243210104222748e-06
 2.46175262368497867326e-06  5.90126469087600164930e-06
 4.75333062052951119873e-06  1.82185967704967342935e-06
 6.63060781191660331043e-06 -3.81557861649152208232e-06
 7.32787728615342704602e-06 -9.21323832669632254656e-06
 6.42943854811700773457e-06 -1.24080033323587610731e-05
 4.19597705946600284070e-06 -1.33668905718452445157e-05
 1.25499263597351033818e-06 -1.24145017464581292901e-05
-4.80802368717287859429e-07 -1.00262210670754139995e-05
-1.40274383218083825547e-06 -6.95054711666793123055e-06
-2.03043448618543459486e-06 -3.87505435913620850652e-06
-2.33899362788888848179e-06 -1.90074169478568840195e-06
-2.13109475907385826707e-06 -5.68822922045852321125e-07
-1.57773910369006929183e-06  9.21681610213636766221e-08
-8.65502648172727578786e-07  2.10709568419532831451e-07
-3.07604099746711444862e-07  9.94197466264898584166e-08
 0.00000000000000000000e+00  0.00000000000000000000e+00
-1.56169864904866086262e-06  1.07516510411329042066e-05
-2.89063692863369759016e-08  9.93249904771703945512e-06
 1.52751305088980567316e-06  8.84638795658838513988e-06
 4.90283650920402744300e-06  5.98646066963848976676e-06
 9.13279782262869493361e-06  1.20701822386569793097e-06
 1.34785121665700109055e-05 -4.99520641528079832952e-06
 1.68663671965893045433e-05 -1.03325485492990530270e-05
 1.85441356756403839747e-05 -1.35930008655849747024e-05
 1.82299140005665681716e-05 -1.45349252180792392497e-05
 1.61254194005712947967e-05 -1.31890356699787219641e-05
 1.23444950316532788275e-05 -1.03703093987175301290e-05
 8.38346199756175094748e-06 -6.88945153618007435421e-06
 5.03390103120445366188e-06 -3.99187724157311920020e-06
 2.54378115236736742876e-06 -1.86531504517896112302e-06
 9.12794152153741704134e-07 -5.69918042168762263892e-07
 2.34940819612229456353e-08  5.53622536104466139734e-08
-2.17592371129917492903e-07  2.24639443609183709698e-07
-9.33577016012025274748e-08  9.26536411799017363762e-08
 0.00000000000000000000e+00  0.00000000000000000000e+00
-1.01008693457896576946e-06  1.14508574215188292222e-05
 4.92211943928349002465e-07  1.09394422441312538547e-05
 2.26077052056011220383e-06  9.94753762315976803893e-06
 6.46022452879525343436e-06  7.14095144989440862933e-06
 1.20921262327080739047e-05  2.37788818524831189097e-06
 1.84511153436594690480e-05 -3.64843094548428219400e-06
 2.43701707737190613131e-05 -8.94742303201906140949e-06
 2.89300971639351982572e-05 -1.25263406678689550705e-05
 3.14177438063486334633e-05 -1.39150728504776541181e-05
 3.13097839030589418551e-05 -1.32831001602389400329e-05
 2.88286963040211545873e-05 -1.09430392289827975937e-05
 2.38191887093245239040e-05 -7.85681377303655517250e-06
 1.71317738605446951968e-05 -5.07887847445580307754e-06
 1.08272586281923873685e-05 -2.84713670257084659569e-06
 5.94167915629616633392e-06 -1.27831529694825413603e-06
 2.69278156922028937033e-06 -3.40740000071873252768e-07
 7.99351539985570048181e-07  2.30457272083080622050e-08
 1.90018427223230280680e-07  3.64806459586648985960e-08
 0.00000000000000000000e+00  0.00000000000000000000e+00
-5.67243614586803961136e-07  1.22139417365510811764e-05
 7.44336593785223030015e-07  1.20695648354393230062e-05
 2.48127243709598337379e-06  1.14534672130088007553e-05
 6.84833813674353610187e-06  9.36872906035059597779e-06
 1.30183026048041070797e-05  5.41279185623200166308e-06
 2.03942851447759499698e-05  1.47271067544830306331e-07
 2.79800960831586275354e-05 -4.97624532558821851947e-06
 3.47837062599361767062e-05 -8.94442783654841152218e-06
 3.98130449833350634026e-05 -1.12356799286051159821e-05
 4.22429243866952541602e-05 -1.16768733794190636801e-05
 4.14214300924837649175e-05 -1.06136751071081611669e-05
 3.68170052829464199075e-05 -8.74241639256639621136e-06
 2.95956129838682377854e-05 -6.49174682225496183917e-06
 2.13803286868910136166e-05 -4.26187150376340144567e-06
 1.33938670036619236845e-05 -2.40549959644058916760e-06
 6.79742873192167143580e-06 -1.10259943355991778361e-06
 2.23616796777501802322e-06 -3.08782529960600641657e-07
 6.43968585634686728181e-07 -7.28933886075340713015e-08
 0.00000000000000000000e+00  0.00000000000000000000e+00
-2.51628764063579934520e-07  1.30316498796368036850e-05
 7.27989390914719674349e-07  1.32891859680565170988e-05
 2.15806005813391536764e-06  1.33206874295209060256e-05
 5.92052701794443619302e-06  1.26051935134415079887e-05
 1.14689328051375241571e-05  1.02433828097748139081e-05
 1.84012267725818822232e-05  6.32725277793121158821e-06
 2.60331466699837106376e-05  1.73334852536869940270e-06
 3.34666215442454956751e-05 -2.49996115515473852777e-06
 3.97505861312021985992e-05 -5.74857435703760524549e-06
 4.38084214819521074050e-05 -7.68582861675827215694e-06
 4.46666700355013548463e-05 -8.23881802211932253431e-06
 4.12527066333437890779e-05 -7.62434922964421573770e-06
 3.45739037090422263675e-05 -6.34640078360060385808e-06
 2.60096356604099234410e-05 -4.74559447456029027420e-06
 1.70233400803873429191e-05 -3.09389619750280151598e-06
 8.88852517829382828105e-06 -1.62573431503267325922e-06
 3.04991967772021806208e-06 -5.80654698510157141301e-07
 8.70550162106077246684e-07 -1.76611880416321784006e-07
 0.00000000000000000000e+00  0.00000000000000000000e+00
-6.28880621988475226964e-08  1.38828059197670843284e-05
 4.71473002551417611460e-07  1.45538823997893786995e-05
 1.32501894423138962494e-06  1.54712567342090142404e-05
 3.66601344461583592837e-06  1.67206090653592222316e-05
 7.25664253015826219735e-06  1.67068402246953946516e-05
 1.19247676295165324923e-05  1.48137933978783528633e-05
 1.73453763256663900103e-05  1.13207773665969426021e-05
 2.29624055193393213537e-05  7.23454338348974457533e-06
 2.81056125987003565484e-05  3.20032741672317345145e-06
 3.19577200803922650092e-05 -1.82018743222064779206e-07
 3.35458541163026119684e-05 -2.55096384140304731754e-06
 3.18936116009799176200e-05 -3.69602394854312039043e-06
 2.75839885450342115966e-05 -3.86356703794190690210e-06
 2.13420844312144341584e-05 -3.31761618155328525111e-06
 1.42135903461221329213e-05 -2.39942604059149652168e-06
 7.37479225484755403902e-06 -1.38303033787197337775e-06
 2.47125227113910751550e-06 -5.58409365059773217405e-07
 6.26392870752808811346e-07 -1.68375450322742702485e-07
 0.00000000000000000000e+00  0.00000000000000000000e+00
-1.09769434636850255724e-08  1.44593081774655988781e-05
 1.71512230946855218948e-07  1.54041926547681560448e-05
 4.77283790802861800372e-07  1.70455546741633541356e-05
 1.33518626668119500129e-06  1.99688430420636039118e-05
 2.68047181568242176827e-06  2.20099176496679455430e-05
 4.46740157623118450754e-06  2.20028864175218189132e-05
 6.60279049826909533917e-06  1.97792616244381085284e-05
 8.88174055702592479041e-06  1.62473616898377400586e-05
 1.10611130206157794772e-05  1.20520532065682465205e-05
 1.27963932636203641947e-05  7.84721770331797147536e-06
 1.36787502812704006246e-05  4.27143491378092054475e-06
 1.32574761676323848059e-05  1.82269774236513239599e-06
 1.16905451626935389878e-05  2.68008080119971628219e-07
 9.22213973813061684286e-06 -5.52106653027316674010e-07
 6.27557345937262765323e-06 -8.16409241614479193784e-07
 3.34292775788356166713e-06 -6.80360684966179439085e-07
 1.17716839063464836429e-06 -3.77336690719212790009e-07
 3.17436173471789413968e-07 -1.11644271875549748116e-07
 0.00000000000000000000e+00  0.00000000000000000000e+00
 0.00000000000000000000e+00  1.47433310873913941789e-05
 0.00000000000000000000e+00  1.58206638286367515819e-05
 0.00000000000000000000e+00  1.78475390808387931172e-05
 0.00000000000000000000e+00  2.16814138376800172770e-05
 0.00000000000000000000e+00  2.48582106468513563556e-05
 0.00000000000000000000e+00  2.59445029005638345607e-05
 0.00000000000000000000e+00  2.45164236356013339857e-05
 0.00000000000000000000e+00  2.14326855148696762297e-05
 0.00000000000000000000e+00  1.72933583543142524105e-05
 0.00000000000000000000e+00  1.27971844539237447923e-05
 0.00000000000000000000e+00  8.65749043492880671362e-06
 0.00000000000000000000e+00  5.49884912917068772596e-06
 0.00000000000000000000e+00  3.15207727621867384826e-06
 0.00000000000000000000e+00  1.52075642416986675845e-06
 0.00000000000000000000e+00  4.78687095738761441246e-07
 0.00000000000000000000e+00 -6.24727316588203833364e-08
 0.00000000000000000000e+00 -2.23258894976481538471e-07
 0.00000000000000000000e+00 -1.12281861000335489103e-07
 0.00000000000000000000e+00  0.00000000000000000000e+00
