356
100
0 76 100 101 102 103 116 117 118 119 132 133 134 135 148 149 150 151 164 165 166 167 168 180 181 182 183 184 196 197 198 199 200 201 212 213 214 215 216 217 228 229 230 231 232 233 244 245 246 247 248 249 260 261 262 263 264 276 277 278 279 280 292 293 294 295 308 309 310 311 324 325 326 327 340 341 342 343
1 48 103 104 105 106 107 108 119 120 121 122 123 124 125 135 136 137 138 139 140 141 151 152 153 154 155 156 157 167 168 169 170 171 172 173 174 184 185 186 187 188 189 200 201 202 203 217 218 233
2 31 108 109 110 111 112 113 114 124 125 126 127 128 129 130 141 142 143 144 145 146 157 158 159 160 161 162 163 173 174 175 176
3 8 114 115 130 131 146 147 162 163
4 0
5 0
6 0
7 0
8 0
9 0
10 48 217 233 234 248 249 250 251 264 265 266 267 268 269 279 280 281 282 283 284 285 286 295 296 297 298 299 300 301 311 312 313 314 315 316 317 327 328 329 330 331 332 333 343 344 345 346 347 348
11 42 173 174 187 188 189 190 202 203 204 205 206 207 217 218 219 220 221 222 223 224 225 233 234 235 236 237 238 239 240 241 250 251 252 253 254 255 267 268 269 270 285 286
12 28 160 161 162 163 174 175 176 177 178 179 190 191 192 193 194 195 206 207 208 209 210 211 223 224 225 226 227 241
13 2 163 179
14 0
15 0
16 0
17 0
18 0
19 0
20 31 285 286 287 288 301 302 303 304 305 306 307 317 318 319 320 321 322 332 333 334 335 336 337 338 348 349 350 351 352 353 354
21 28 225 239 240 241 242 243 254 255 256 257 258 259 270 271 272 273 274 275 286 287 288 289 290 291 304 305 306 307
22 8 211 225 226 227 241 242 243 259
23 0
24 0
25 0
26 0
27 0
28 0
29 0
30 8 306 307 322 323 338 339 354 355
31 2 291 307
32 0
33 0
34 0
35 0
36 0
37 0
38 0
39 0
40 0
41 0
42 0
43 0
44 0
45 0
46 0
47 0
48 0
49 0
50 0
51 0
52 0
53 0
54 0
55 0
56 0
57 0
58 0
59 0
60 0
61 0
62 0
63 0
64 0
65 0
66 0
67 0
68 0
69 0
70 0
71 0
72 0
73 0
74 0
75 0
76 0
77 0
78 0
79 0
80 0
81 0
82 0
83 0
84 0
85 0
86 0
87 0
88 0
89 0
90 0
91 0
92 0
93 0
94 0
95 0
96 0
97 0
98 0
99 0
100 1 0
101 1 0
102 1 0
103 2 0 1
104 1 1
105 1 1
106 1 1
107 1 1
108 2 1 2
109 1 2
110 1 2
111 1 2
112 1 2
113 1 2
114 2 2 3
115 1 3
116 1 0
117 1 0
118 1 0
119 2 0 1
120 1 1
121 1 1
122 1 1
123 1 1
124 2 1 2
125 2 1 2
126 1 2
127 1 2
128 1 2
129 1 2
130 2 2 3
131 1 3
132 1 0
133 1 0
134 1 0
135 2 0 1
136 1 1
137 1 1
138 1 1
139 1 1
140 1 1
141 2 1 2
142 1 2
143 1 2
144 1 2
145 1 2
146 2 2 3
147 1 3
148 1 0
149 1 0
150 1 0
151 2 0 1
152 1 1
153 1 1
154 1 1
155 1 1
156 1 1
157 2 1 2
158 1 2
159 1 2
160 2 2 12
161 2 2 12
162 3 2 3 12
163 4 2 3 12 13
164 1 0
165 1 0
166 1 0
167 2 0 1
168 2 0 1
169 1 1
170 1 1
171 1 1
172 1 1
173 3 1 2 11
174 4 1 2 11 12
175 2 2 12
176 2 2 12
177 1 12
178 1 12
179 2 12 13
180 1 0
181 1 0
182 1 0
183 1 0
184 2 0 1
185 1 1
186 1 1
187 2 1 11
188 2 1 11
189 2 1 11
190 2 11 12
191 1 12
192 1 12
193 1 12
194 1 12
195 1 12
196 1 0
197 1 0
198 1 0
199 1 0
200 2 0 1
201 2 0 1
202 2 1 11
203 2 1 11
204 1 11
205 1 11
206 2 11 12
207 2 11 12
208 1 12
209 1 12
210 1 12
211 2 12 22
212 1 0
213 1 0
214 1 0
215 1 0
216 1 0
217 4 0 1 10 11
218 2 1 11
219 1 11
220 1 11
221 1 11
222 1 11
223 2 11 12
224 2 11 12
225 4 11 12 21 22
226 2 12 22
227 2 12 22
228 1 0
229 1 0
230 1 0
231 1 0
232 1 0
233 4 0 1 10 11
234 2 10 11
235 1 11
236 1 11
237 1 11
238 1 11
239 2 11 21
240 2 11 21
241 4 11 12 21 22
242 2 21 22
243 2 21 22
244 1 0
245 1 0
246 1 0
247 1 0
248 2 0 10
249 2 0 10
250 2 10 11
251 2 10 11
252 1 11
253 1 11
254 2 11 21
255 2 11 21
256 1 21
257 1 21
258 1 21
259 2 21 22
260 1 0
261 1 0
262 1 0
263 1 0
264 2 0 10
265 1 10
266 1 10
267 2 10 11
268 2 10 11
269 2 10 11
270 2 11 21
271 1 21
272 1 21
273 1 21
274 1 21
275 1 21
276 1 0
277 1 0
278 1 0
279 2 0 10
280 2 0 10
281 1 10
282 1 10
283 1 10
284 1 10
285 3 10 11 20
286 4 10 11 20 21
287 2 20 21
288 2 20 21
289 1 21
290 1 21
291 2 21 31
292 1 0
293 1 0
294 1 0
295 2 0 10
296 1 10
297 1 10
298 1 10
299 1 10
300 1 10
301 2 10 20
302 1 20
303 1 20
304 2 20 21
305 2 20 21
306 3 20 21 30
307 4 20 21 30 31
308 1 0
309 1 0
310 1 0
311 2 0 10
312 1 10
313 1 10
314 1 10
315 1 10
316 1 10
317 2 10 20
318 1 20
319 1 20
320 1 20
321 1 20
322 2 20 30
323 1 30
324 1 0
325 1 0
326 1 0
327 2 0 10
328 1 10
329 1 10
330 1 10
331 1 10
332 2 10 20
333 2 10 20
334 1 20
335 1 20
336 1 20
337 1 20
338 2 20 30
339 1 30
340 1 0
341 1 0
342 1 0
343 2 0 10
344 1 10
345 1 10
346 1 10
347 1 10
348 2 10 20
349 1 20
350 1 20
351 1 20
352 1 20
353 1 20
354 2 20 30
355 1 30
