要素番号	頂点番号	disp_x	disp_y
0	0	0.000000000000000e+00	0.000000000000000e+00
0	1	-1.168140863182229e-05	0.000000000000000e+00
0	2	0.000000000000000e+00	-8.549733469355871e-06
0	3	7.057416038571742e-06	1.533221035611102e-05
1	0	-1.168140863182229e-05	0.000000000000000e+00
1	1	-1.467036634804747e-05	0.000000000000000e+00
1	2	7.057416038571747e-06	1.533221035611102e-05
1	3	-2.887469061046385e-06	-3.214996623419815e-06
2	0	-1.467036634804747e-05	0.000000000000000e+00
2	1	-1.681262426754672e-05	0.000000000000000e+00
2	2	-2.887469061046379e-06	-3.214996623419810e-06
2	3	-1.712972587151809e-05	1.060540926301232e-05
3	0	-1.681262426754672e-05	0.000000000000000e+00
3	1	-2.329812008152711e-05	0.000000000000000e+00
3	2	-1.712972587151809e-05	1.060540926301232e-05
3	3	-2.272215868676699e-05	1.289156101444049e-05
4	0	-2.329812008152711e-05	0.000000000000000e+00
4	1	-2.811380974894653e-05	0.000000000000000e+00
4	2	-2.272215868676699e-05	1.289156101444049e-05
4	3	-2.847383676601071e-05	1.308931563599367e-05
5	0	-2.811380974894653e-05	0.000000000000000e+00
5	1	-3.416475372121419e-05	0.000000000000000e+00
5	2	-2.847383676601071e-05	1.308931563599367e-05
5	3	-3.387410239229799e-05	1.294747032928192e-05
6	0	-3.416475372121419e-05	0.000000000000000e+00
6	1	-3.940907729661843e-05	0.000000000000000e+00
6	2	-3.387410239229799e-05	1.294747032928192e-05
6	3	-3.952947695078421e-05	1.298788414041710e-05
7	0	-3.940907729661841e-05	0.000000000000000e+00
7	1	-4.514698679503543e-05	0.000000000000000e+00
7	2	-3.952947695078419e-05	1.298788414041710e-05
7	3	-4.505040362552573e-05	1.296174579812442e-05
8	0	-4.514698679503543e-05	0.000000000000000e+00
8	1	-5.061637422096750e-05	0.000000000000000e+00
8	2	-4.505040362552573e-05	1.296174579812442e-05
8	3	-5.064059602232167e-05	1.294838759762402e-05
9	0	-5.061637422096748e-05	0.000000000000000e+00
9	1	-5.621197995672810e-05	0.000000000000000e+00
9	2	-5.064059602232166e-05	1.294838759762401e-05
9	3	-5.619220817524028e-05	1.292007580314276e-05
10	0	0.000000000000000e+00	-8.549733469355871e-06
10	1	7.057416038571739e-06	1.533221035611103e-05
10	2	0.000000000000000e+00	1.873626491828717e-05
10	3	-1.590782496988573e-05	3.402133836528395e-05
11	0	7.057416038571742e-06	1.533221035611102e-05
11	1	-2.887469061046388e-06	-3.214996623419801e-06
11	2	-1.590782496988572e-05	3.402133836528394e-05
11	3	-9.484339566511034e-06	2.811266270165596e-05
12	0	-2.887469061046381e-06	-3.214996623419795e-06
12	1	-1.712972587151809e-05	1.060540926301233e-05
12	2	-9.484339566511032e-06	2.811266270165597e-05
12	3	-1.692131966067900e-05	2.617057447665750e-05
13	0	-1.712972587151809e-05	1.060540926301233e-05
13	1	-2.272215868676700e-05	1.289156101444049e-05
13	2	-1.692131966067900e-05	2.617057447665750e-05
13	3	-2.263361709883087e-05	2.607461197841048e-05
14	0	-2.272215868676700e-05	1.289156101444049e-05
14	1	-2.847383676601071e-05	1.308931563599368e-05
14	2	-2.263361709883087e-05	2.607461197841048e-05
14	3	-2.824456749717974e-05	2.601699056401228e-05
15	0	-2.847383676601071e-05	1.308931563599368e-05
15	1	-3.387410239229799e-05	1.294747032928192e-05
15	2	-2.824456749717974e-05	2.601699056401228e-05
15	3	-3.385586109987440e-05	2.597924890375051e-05
16	0	-3.387410239229799e-05	1.294747032928192e-05
16	1	-3.952947695078421e-05	1.298788414041710e-05
16	2	-3.385586109987440e-05	2.597924890375051e-05
16	3	-3.943146312721716e-05	2.596762532712879e-05
17	0	-3.952947695078420e-05	1.298788414041711e-05
17	1	-4.505040362552573e-05	1.296174579812443e-05
17	2	-3.943146312721715e-05	2.596762532712879e-05
17	3	-4.501339010721984e-05	2.592826849259285e-05
18	0	-4.505040362552573e-05	1.296174579812443e-05
18	1	-5.064059602232169e-05	1.294838759762402e-05
18	2	-4.501339010721984e-05	2.592826849259285e-05
18	3	-5.058294165160710e-05	2.590351486703366e-05
19	0	-5.064059602232168e-05	1.294838759762402e-05
19	1	-5.619220817524028e-05	1.292007580314276e-05
19	2	-5.058294165160707e-05	2.590351486703366e-05
19	3	-5.615038917969607e-05	2.584941046341279e-05
20	0	0.000000000000000e+00	1.873626491828716e-05
20	1	-1.590782496988573e-05	3.402133836528394e-05
20	2	0.000000000000000e+00	4.048458561714442e-05
20	3	-7.272686853841365e-06	4.028757794346829e-05
21	0	-1.590782496988571e-05	3.402133836528395e-05
21	1	-9.484339566511036e-06	2.811266270165596e-05
21	2	-7.272686853841367e-06	4.028757794346829e-05
21	3	-1.105297977525054e-05	3.968431718547264e-05
22	0	-9.484339566511031e-06	2.811266270165596e-05
22	1	-1.692131966067900e-05	2.617057447665749e-05
22	2	-1.105297977525054e-05	3.968431718547264e-05
22	3	-1.677632653738728e-05	3.934914301731761e-05
23	0	-1.692131966067900e-05	2.617057447665749e-05
23	1	-2.263361709883087e-05	2.607461197841048e-05
23	2	-1.677632653738728e-05	3.934914301731761e-05
23	3	-2.252089329032983e-05	3.917404828397095e-05
24	0	-2.263361709883087e-05	2.607461197841048e-05
24	1	-2.824456749717974e-05	2.601699056401227e-05
24	2	-2.252089329032983e-05	3.917404828397095e-05
24	3	-2.812495932107944e-05	3.905319385785737e-05
25	0	-2.824456749717974e-05	2.601699056401227e-05
25	1	-3.385586109987440e-05	2.597924890375051e-05
25	2	-2.812495932107944e-05	3.905319385785737e-05
25	3	-3.375056259698095e-05	3.900746508156584e-05
26	0	-3.385586109987440e-05	2.597924890375051e-05
26	1	-3.943146312721715e-05	2.596762532712878e-05
26	2	-3.375056259698095e-05	3.900746508156584e-05
26	3	-3.934827629180714e-05	3.895051420581676e-05
27	0	-3.943146312721714e-05	2.596762532712878e-05
27	1	-4.501339010721983e-05	2.592826849259285e-05
27	2	-3.934827629180712e-05	3.895051420581675e-05
27	3	-4.493366217994796e-05	3.891280125766871e-05
28	0	-4.501339010721983e-05	2.592826849259285e-05
28	1	-5.058294165160708e-05	2.590351486703365e-05
28	2	-4.493366217994796e-05	3.891280125766871e-05
28	3	-5.051266346646878e-05	3.885783223938544e-05
29	0	-5.058294165160707e-05	2.590351486703365e-05
29	1	-5.615038917969607e-05	2.584941046341279e-05
29	2	-5.051266346646878e-05	3.885783223938545e-05
29	3	-5.608174611737641e-05	3.879139393503583e-05
30	0	0.000000000000000e+00	4.048458561714442e-05
30	1	-7.272686853841365e-06	4.028757794346829e-05
30	2	0.000000000000000e+00	5.272738530876304e-05
30	3	-5.584780763287132e-06	5.299356090137539e-05
31	0	-7.272686853841367e-06	4.028757794346829e-05
31	1	-1.105297977525054e-05	3.968431718547264e-05
31	2	-5.584780763287132e-06	5.299356090137539e-05
31	3	-1.106990335161133e-05	5.265692315864681e-05
32	0	-1.105297977525054e-05	3.968431718547264e-05
32	1	-1.677632653738728e-05	3.934914301731761e-05
32	2	-1.106990335161133e-05	5.265692315864680e-05
32	3	-1.668865769899474e-05	5.237375558899034e-05
33	0	-1.677632653738728e-05	3.934914301731761e-05
33	1	-2.252089329032983e-05	3.917404828397095e-05
33	2	-1.668865769899474e-05	5.237375558899034e-05
33	3	-2.235826575982443e-05	5.224416474113868e-05
34	0	-2.252089329032983e-05	3.917404828397095e-05
34	1	-2.812495932107944e-05	3.905319385785737e-05
34	2	-2.235826575982443e-05	5.224416474113868e-05
34	3	-2.801885298923827e-05	5.210163542474718e-05
35	0	-2.812495932107944e-05	3.905319385785737e-05
35	1	-3.375056259698095e-05	3.900746508156584e-05
35	2	-2.801885298923827e-05	5.210163542474718e-05
35	3	-3.364821420163177e-05	5.202607486463898e-05
36	0	-3.375056259698095e-05	3.900746508156584e-05
36	1	-3.934827629180714e-05	3.895051420581676e-05
36	2	-3.364821420163177e-05	5.202607486463898e-05
36	3	-3.925256092560682e-05	5.195394544528122e-05
37	0	-3.934827629180712e-05	3.895051420581675e-05
37	1	-4.493366217994796e-05	3.891280125766871e-05
37	2	-3.925256092560681e-05	5.195394544528121e-05
37	3	-4.484725035161543e-05	5.189253427581403e-05
38	0	-4.493366217994796e-05	3.891280125766871e-05
38	1	-5.051266346646878e-05	3.885783223938544e-05
38	2	-4.484725035161543e-05	5.189253427581403e-05
38	3	-5.042712649989367e-05	5.182710991324320e-05
39	0	-5.051266346646878e-05	3.885783223938545e-05
39	1	-5.608174611737641e-05	3.879139393503583e-05
39	2	-5.042712649989367e-05	5.182710991324320e-05
39	3	-5.600232812243726e-05	5.174829236152753e-05
40	0	0.000000000000000e+00	5.272738530876304e-05
40	1	-5.584780763287132e-06	5.299356090137539e-05
40	2	0.000000000000000e+00	6.609650182819041e-05
40	3	-5.433663338024322e-06	6.570676199573344e-05
41	0	-5.584780763287132e-06	5.299356090137539e-05
41	1	-1.106990335161133e-05	5.265692315864681e-05
41	2	-5.433663338024322e-06	6.570676199573344e-05
41	3	-1.106581359568414e-05	6.563526938078098e-05
42	0	-1.106990335161133e-05	5.265692315864680e-05
42	1	-1.668865769899474e-05	5.237375558899034e-05
42	2	-1.106581359568414e-05	6.563526938078096e-05
42	3	-1.669248528997849e-05	6.544399774629863e-05
43	0	-1.668865769899474e-05	5.237375558899034e-05
43	1	-2.235826575982443e-05	5.224416474113868e-05
43	2	-1.669248528997849e-05	6.544399774629863e-05
43	3	-2.231992447285183e-05	6.527880165646160e-05
44	0	-2.235826575982443e-05	5.224416474113868e-05
44	1	-2.801885298923827e-05	5.210163542474718e-05
44	2	-2.231992447285183e-05	6.527880165646160e-05
44	3	-2.793868606580474e-05	6.514632142187190e-05
45	0	-2.801885298923827e-05	5.210163542474718e-05
45	1	-3.364821420163177e-05	5.202607486463898e-05
45	2	-2.793868606580474e-05	6.514632142187190e-05
45	3	-3.355894300674971e-05	6.504182954026154e-05
46	0	-3.364821420163177e-05	5.202607486463898e-05
46	1	-3.925256092560682e-05	5.195394544528122e-05
46	2	-3.355894300674971e-05	6.504182954026154e-05
46	3	-3.916322332334124e-05	6.495534968627933e-05
47	0	-3.925256092560681e-05	5.195394544528121e-05
47	1	-4.484725035161543e-05	5.189253427581403e-05
47	2	-3.916322332334122e-05	6.495534968627933e-05
47	3	-4.475608484282546e-05	6.487835711073574e-05
48	0	-4.484725035161543e-05	5.189253427581403e-05
48	1	-5.042712649989367e-05	5.182710991324320e-05
48	2	-4.475608484282546e-05	6.487835711073574e-05
48	3	-5.033967026854038e-05	6.479987329766429e-05
49	0	-5.042712649989367e-05	5.182710991324320e-05
49	1	-5.600232812243726e-05	5.174829236152753e-05
49	2	-5.033967026854038e-05	6.479987329766429e-05
49	3	-5.591687510298222e-05	6.471405187367929e-05
50	0	0.000000000000000e+00	6.609650182819041e-05
50	1	-5.433663338024322e-06	6.570676199573344e-05
50	2	0.000000000000000e+00	7.856758595079093e-05
50	3	-5.565673273413453e-06	7.872948218479799e-05
51	0	-5.433663338024322e-06	6.570676199573344e-05
51	1	-1.106581359568414e-05	6.563526938078098e-05
51	2	-5.565673273413454e-06	7.872948218479801e-05
51	3	-1.109309550696737e-05	7.857239635853327e-05
52	0	-1.106581359568414e-05	6.563526938078096e-05
52	1	-1.669248528997849e-05	6.544399774629863e-05
52	2	-1.109309550696736e-05	7.857239635853327e-05
52	3	-1.665948530922118e-05	7.843170470486869e-05
53	0	-1.669248528997849e-05	6.544399774629863e-05
53	1	-2.231992447285183e-05	6.527880165646160e-05
53	2	-1.665948530922118e-05	7.843170470486869e-05
53	3	-2.226453567345760e-05	7.828918097442828e-05
54	0	-2.231992447285183e-05	6.527880165646160e-05
54	1	-2.793868606580474e-05	6.514632142187190e-05
54	2	-2.226453567345760e-05	7.828918097442828e-05
54	3	-2.787607362925167e-05	7.816079947866292e-05
55	0	-2.793868606580474e-05	6.514632142187190e-05
55	1	-3.355894300674971e-05	6.504182954026154e-05
55	2	-2.787607362925167e-05	7.816079947866292e-05
55	3	-3.348106534176629e-05	7.805016311796881e-05
56	0	-3.355894300674971e-05	6.504182954026154e-05
56	1	-3.916322332334124e-05	6.495534968627933e-05
56	2	-3.348106534176629e-05	7.805016311796881e-05
56	3	-3.907921674374788e-05	7.795216591012823e-05
57	0	-3.916322332334122e-05	6.495534968627933e-05
57	1	-4.475608484282546e-05	6.487835711073574e-05
57	2	-3.907921674374788e-05	7.795216591012823e-05
57	3	-4.466909212839128e-05	7.786317751549049e-05
58	0	-4.475608484282546e-05	6.487835711073574e-05
58	1	-5.033967026854038e-05	6.479987329766429e-05
58	2	-4.466909212839128e-05	7.786317751549049e-05
58	3	-5.025164551907529e-05	7.777680558803294e-05
59	0	-5.033967026854038e-05	6.479987329766429e-05
59	1	-5.591687510298222e-05	6.471405187367929e-05
59	2	-5.025164551907528e-05	7.777680558803292e-05
59	3	-5.583032096533565e-05	7.768764416393862e-05
60	0	0.000000000000000e+00	7.856758595079093e-05
60	1	-5.565673273413453e-06	7.872948218479799e-05
60	2	0.000000000000000e+00	9.172816045722921e-05
60	3	-5.524518152937379e-06	9.158572380577913e-05
61	0	-5.565673273413454e-06	7.872948218479801e-05
61	1	-1.109309550696737e-05	7.857239635853327e-05
61	2	-5.524518152937379e-06	9.158572380577916e-05
61	3	-1.107769660764299e-05	9.152826947708496e-05
62	0	-1.109309550696736e-05	7.857239635853327e-05
62	1	-1.665948530922118e-05	7.843170470486869e-05
62	2	-1.107769660764298e-05	9.152826947708494e-05
62	3	-1.665497717627948e-05	9.141110267713734e-05
63	0	-1.665948530922118e-05	7.843170470486869e-05
63	1	-2.226453567345760e-05	7.828918097442828e-05
63	2	-1.665497717627948e-05	9.141110267713734e-05
63	3	-2.223340033868845e-05	9.128604447318121e-05
64	0	-2.226453567345760e-05	7.828918097442828e-05
64	1	-2.787607362925167e-05	7.816079947866292e-05
64	2	-2.223340033868845e-05	9.128604447318121e-05
64	3	-2.782138534398139e-05	9.116078115215207e-05
65	0	-2.787607362925167e-05	7.816079947866292e-05
65	1	-3.348106534176629e-05	7.805016311796881e-05
65	2	-2.782138534398139e-05	9.116078115215207e-05
65	3	-3.341212023172358e-05	9.104614326483726e-05
66	0	-3.348106534176629e-05	7.805016311796881e-05
66	1	-3.907921674374788e-05	7.795216591012823e-05
66	2	-3.341212023172358e-05	9.104614326483726e-05
66	3	-3.900057453359419e-05	9.094199799776933e-05
67	0	-3.907921674374788e-05	7.795216591012823e-05
67	1	-4.466909212839128e-05	7.786317751549049e-05
67	2	-3.900057453359418e-05	9.094199799776935e-05
67	3	-4.458522253976033e-05	9.084593152278485e-05
68	0	-4.466909212839128e-05	7.786317751549049e-05
68	1	-5.025164551907529e-05	7.777680558803294e-05
68	2	-4.458522253976033e-05	9.084593152278485e-05
68	3	-5.016623974153471e-05	9.075403986553927e-05
69	0	-5.025164551907528e-05	7.777680558803292e-05
69	1	-5.583032096533565e-05	7.768764416393862e-05
69	2	-5.016623974153468e-05	9.075403986553926e-05
69	3	-5.574504567926505e-05	9.066312025599808e-05
70	0	0.000000000000000e+00	9.172816045722918e-05
70	1	-5.524518152937378e-06	9.158572380577910e-05
70	2	0.000000000000000e+00	1.045232117958510e-04
70	3	-5.536786397635413e-06	1.045586843676786e-04
71	0	-5.524518152937379e-06	9.158572380577910e-05
71	1	-1.107769660764299e-05	9.152826947708493e-05
71	2	-5.536786397635414e-06	1.045586843676786e-04
71	3	-1.107900880904220e-05	1.044785201359485e-04
72	0	-1.107769660764298e-05	9.152826947708492e-05
72	1	-1.665497717627948e-05	9.141110267713728e-05
72	2	-1.107900880904220e-05	1.044785201359486e-04
72	3	-1.662467216462310e-05	1.043803261628263e-04
73	0	-1.665497717627948e-05	9.141110267713728e-05
73	1	-2.223340033868845e-05	9.128604447318115e-05
73	2	-1.662467216462310e-05	1.043803261628263e-04
73	3	-2.219133747519456e-05	1.042631614643325e-04
74	0	-2.223340033868845e-05	9.128604447318115e-05
74	1	-2.782138534398139e-05	9.116078115215202e-05
74	2	-2.219133747519456e-05	1.042631614643325e-04
74	3	-2.776470999956767e-05	1.041453687063636e-04
75	0	-2.782138534398139e-05	9.116078115215202e-05
75	1	-3.341212023172359e-05	9.104614326483723e-05
75	2	-2.776470999956767e-05	1.041453687063636e-04
75	3	-3.334326959545692e-05	1.040310743374102e-04
76	0	-3.341212023172359e-05	9.104614326483723e-05
76	1	-3.900057453359419e-05	9.094199799776931e-05
76	2	-3.334326959545692e-05	1.040310743374102e-04
76	3	-3.892331950610612e-05	1.039244530106870e-04
77	0	-3.900057453359417e-05	9.094199799776931e-05
77	1	-4.458522253976034e-05	9.084593152278483e-05
77	2	-3.892331950610611e-05	1.039244530106870e-04
77	3	-4.450318410843569e-05	1.038248939844235e-04
78	0	-4.458522253976034e-05	9.084593152278483e-05
78	1	-5.016623974153471e-05	9.075403986553923e-05
78	2	-4.450318410843569e-05	1.038248939844235e-04
78	3	-5.008193969838928e-05	1.037306425985866e-04
79	0	-5.016623974153469e-05	9.075403986553923e-05
79	1	-5.574504567926504e-05	9.066312025599804e-05
79	2	-5.008193969838925e-05	1.037306425985865e-04
79	3	-5.566020020406283e-05	1.036393769563761e-04
80	0	0.000000000000000e+00	1.045232117958510e-04
80	1	-5.536786397635413e-06	1.045586843676786e-04
80	2	0.000000000000000e+00	1.175407050986421e-04
80	3	-5.520127399924937e-06	1.174874181914014e-04
81	0	-5.536786397635414e-06	1.045586843676786e-04
81	1	-1.107900880904220e-05	1.044785201359485e-04
81	2	-5.520127399924937e-06	1.174874181914014e-04
81	3	-1.104639929000509e-05	1.174327512017164e-04
82	0	-1.107900880904220e-05	1.044785201359486e-04
82	1	-1.662467216462310e-05	1.043803261628263e-04
82	2	-1.104639929000509e-05	1.174327512017164e-04
82	3	-1.658916230594319e-05	1.173413070091570e-04
83	0	-1.662467216462310e-05	1.043803261628263e-04
83	1	-2.219133747519456e-05	1.042631614643325e-04
83	2	-1.658916230594319e-05	1.173413070091570e-04
83	3	-2.213797587923085e-05	1.172342635387995e-04
84	0	-2.219133747519456e-05	1.042631614643325e-04
84	1	-2.776470999956767e-05	1.041453687063636e-04
84	2	-2.213797587923085e-05	1.172342635387995e-04
84	3	-2.769929543306098e-05	1.171194929078824e-04
85	0	-2.776470999956767e-05	1.041453687063636e-04
85	1	-3.334326959545692e-05	1.040310743374102e-04
85	2	-2.769929543306098e-05	1.171194929078824e-04
85	3	-3.326843440451649e-05	1.170075384304597e-04
86	0	-3.334326959545692e-05	1.040310743374102e-04
86	1	-3.892331950610612e-05	1.039244530106870e-04
86	2	-3.326843440451649e-05	1.170075384304597e-04
86	3	-3.884310251255831e-05	1.169008830664155e-04
87	0	-3.892331950610611e-05	1.039244530106870e-04
87	1	-4.450318410843569e-05	1.038248939844235e-04
87	2	-3.884310251255830e-05	1.169008830664155e-04
87	3	-4.442026514734236e-05	1.168006461633606e-04
88	0	-4.450318410843569e-05	1.038248939844235e-04
88	1	-5.008193969838928e-05	1.037306425985866e-04
88	2	-4.442026514734236e-05	1.168006461633606e-04
88	3	-4.999827216332019e-05	1.167056073044942e-04
89	0	-5.008193969838925e-05	1.037306425985865e-04
89	1	-5.566020020406283e-05	1.036393769563761e-04
89	2	-4.999827216332018e-05	1.167056073044942e-04
89	3	-5.557622563959446e-05	1.166150613098522e-04
90	0	0.000000000000000e+00	1.175407050986421e-04
90	1	-5.520127399924936e-06	1.174874181914014e-04
90	2	0.000000000000000e+00	1.304547956979164e-04
90	3	-5.498848446229590e-06	1.304392126539875e-04
91	0	-5.520127399924937e-06	1.174874181914014e-04
91	1	-1.104639929000509e-05	1.174327512017164e-04
91	2	-5.498848446229590e-06	1.304392126539875e-04
91	3	-1.100329256662445e-05	1.303807057018286e-04
92	0	-1.104639929000509e-05	1.174327512017164e-04
92	1	-1.658916230594319e-05	1.173413070091570e-04
92	2	-1.100329256662444e-05	1.303807057018286e-04
92	3	-1.652236187559517e-05	1.302980472294579e-04
93	0	-1.658916230594319e-05	1.173413070091570e-04
93	1	-2.213797587923084e-05	1.172342635387996e-04
93	2	-1.652236187559517e-05	1.302980472294579e-04
93	3	-2.205893332927373e-05	1.301960648761749e-04
94	0	-2.213797587923084e-05	1.172342635387996e-04
94	1	-2.769929543306098e-05	1.171194929078824e-04
94	2	-2.205893332927373e-05	1.301960648761749e-04
94	3	-2.761358221491798e-05	1.300875350258529e-04
95	0	-2.769929543306098e-05	1.171194929078824e-04
95	1	-3.326843440451650e-05	1.170075384304596e-04
95	2	-2.761358221491798e-05	1.300875350258529e-04
95	3	-3.318033166028829e-05	1.299791572934928e-04
96	0	-3.326843440451650e-05	1.170075384304596e-04
96	1	-3.884310251255833e-05	1.169008830664154e-04
96	2	-3.318033166028829e-05	1.299791572934928e-04
96	3	-3.875571929403300e-05	1.298744942187018e-04
97	0	-3.884310251255831e-05	1.169008830664154e-04
97	1	-4.442026514734236e-05	1.168006461633606e-04
97	2	-3.875571929403299e-05	1.298744942187018e-04
97	3	-4.433479822837992e-05	1.297750698649761e-04
98	0	-4.442026514734236e-05	1.168006461633606e-04
98	1	-4.999827216332018e-05	1.167056073044941e-04
98	2	-4.433479822837992e-05	1.297750698649761e-04
98	3	-4.991530589320399e-05	1.296799904818335e-04
99	0	-4.999827216332017e-05	1.167056073044941e-04
99	1	-5.557622563959447e-05	1.166150613098522e-04
99	2	-4.991530589320397e-05	1.296799904818335e-04
99	3	-5.549663967896727e-05	1.295907523317501e-04
100	0	-4.371884584815376e-06	0.000000000000000e+00
100	1	-5.692157285261186e-06	0.000000000000000e+00
100	2	-4.354337679233163e-06	1.168905607335146e-06
100	3	-5.631806957792180e-06	7.959901215209541e-07
101	0	-5.692157285261186e-06	0.000000000000000e+00
101	1	-6.292883823761544e-06	0.000000000000000e+00
101	2	-5.631806957792180e-06	7.959901215209541e-07
101	3	-6.229337029426522e-06	8.908189226291247e-07
102	0	-6.292883823761544e-06	0.000000000000000e+00
102	1	-6.951345250535042e-06	0.000000000000000e+00
102	2	-6.229337029426522e-06	8.908189226291247e-07
102	3	-6.892458628867057e-06	1.073747030269164e-06
103	0	-6.951345250535042e-06	0.000000000000000e+00
103	1	-7.714522593568140e-06	0.000000000000000e+00
103	2	-6.892458628867057e-06	1.073747030269164e-06
103	3	-7.656715025565448e-06	1.275924252047384e-06
104	0	-7.714522593568140e-06	0.000000000000000e+00
104	1	-8.550061964159031e-06	0.000000000000000e+00
104	2	-7.656715025565448e-06	1.275924252047384e-06
104	3	-8.490737538887505e-06	1.490576827734529e-06
105	0	-8.550061964159031e-06	0.000000000000000e+00
105	1	-9.433888768628390e-06	0.000000000000000e+00
105	2	-8.490737538887505e-06	1.490576827734529e-06
105	3	-9.373483193221339e-06	1.706230512473972e-06
106	0	-9.433888768628390e-06	0.000000000000000e+00
106	1	-1.035438470718000e-05	0.000000000000000e+00
106	2	-9.373483193221339e-06	1.706230512473972e-06
106	3	-1.029289235109948e-05	1.923934364480395e-06
107	0	-1.035438470718000e-05	0.000000000000000e+00
107	1	-1.130323300682769e-05	0.000000000000000e+00
107	2	-1.029289235109948e-05	1.923934364480395e-06
107	3	-1.123593137884253e-05	2.143797900970902e-06
108	0	-1.130323300682769e-05	0.000000000000000e+00
108	1	-1.227020693834036e-05	0.000000000000000e+00
108	2	-1.123593137884253e-05	2.143797900970902e-06
108	3	-1.220200983061554e-05	2.360824060243669e-06
109	0	-1.227020693834036e-05	0.000000000000000e+00
109	1	-1.325297771004608e-05	0.000000000000000e+00
109	2	-1.220200983061554e-05	2.360824060243669e-06
109	3	-1.318613087355196e-05	2.574437203357284e-06
110	0	-1.325297771004608e-05	0.000000000000000e+00
110	1	-1.424392138522508e-05	0.000000000000000e+00
110	2	-1.318613087355196e-05	2.574437203357284e-06
110	3	-1.417404821381568e-05	2.783543795684357e-06
111	0	-1.424392138522508e-05	0.000000000000000e+00
111	1	-1.523281616267198e-05	0.000000000000000e+00
111	2	-1.417404821381568e-05	2.783543795684357e-06
111	3	-1.515615862408427e-05	2.978308610350011e-06
112	0	-1.523281616267198e-05	0.000000000000000e+00
112	1	-1.620970603563872e-05	0.000000000000000e+00
112	2	-1.515615862408427e-05	2.978308610350011e-06
112	3	-1.613677897769015e-05	3.151857895006333e-06
113	0	-1.620970603563872e-05	0.000000000000000e+00
113	1	-1.715050091164369e-05	0.000000000000000e+00
113	2	-1.613677897769015e-05	3.151857895006333e-06
113	3	-1.710441116090296e-05	3.282347564520840e-06
114	0	-1.715050091164369e-05	0.000000000000000e+00
114	1	-1.803819229142166e-05	0.000000000000000e+00
114	2	-1.710441116090296e-05	3.282347564520840e-06
114	3	-1.804258789953931e-05	3.381913205529528e-06
115	0	-1.803819229142166e-05	0.000000000000000e+00
115	1	-1.881217580652913e-05	0.000000000000000e+00
115	2	-1.804258789953931e-05	3.381913205529528e-06
115	3	-1.892985716441218e-05	3.500316857031201e-06
116	0	-4.354337679233163e-06	1.168905607335146e-06
116	1	-5.631806957792180e-06	7.959901215209541e-07
116	2	-4.298522302251447e-06	2.366371570930988e-06
116	3	-5.445008173151456e-06	1.632572131790414e-06
117	0	-5.631806957792180e-06	7.959901215209541e-07
117	1	-6.229337029426522e-06	8.908189226291247e-07
117	2	-5.445008173151456e-06	1.632572131790414e-06
117	3	-6.037068893691597e-06	1.825774381867583e-06
118	0	-6.229337029426522e-06	8.908189226291247e-07
118	1	-6.892458628867057e-06	1.073747030269164e-06
118	2	-6.037068893691597e-06	1.825774381867583e-06
118	3	-6.707537725168079e-06	2.190812329658667e-06
119	0	-6.892458628867057e-06	1.073747030269164e-06
119	1	-7.656715025565448e-06	1.275924252047384e-06
119	2	-6.707537725168079e-06	2.190812329658667e-06
119	3	-7.474810628436064e-06	2.600809826521082e-06
120	0	-7.656715025565448e-06	1.275924252047384e-06
120	1	-8.490737538887505e-06	1.490576827734529e-06
120	2	-7.474810628436064e-06	2.600809826521082e-06
120	3	-8.307113948419114e-06	3.030427332135459e-06
121	0	-8.490737538887505e-06	1.490576827734529e-06
121	1	-9.373483193221339e-06	1.706230512473972e-06
121	2	-8.307113948419114e-06	3.030427332135459e-06
121	3	-9.186701550043008e-06	3.466358516402143e-06
122	0	-9.373483193221339e-06	1.706230512473972e-06
122	1	-1.029289235109948e-05	1.923934364480395e-06
122	2	-9.186701550043008e-06	3.466358516402143e-06
122	3	-1.009904766262769e-05	3.907445745063374e-06
123	0	-1.029289235109948e-05	1.923934364480395e-06
123	1	-1.123593137884253e-05	2.143797900970902e-06
123	2	-1.009904766262769e-05	3.907445745063374e-06
123	3	-1.103855076904670e-05	4.348289762731639e-06
124	0	-1.123593137884253e-05	2.143797900970902e-06
124	1	-1.220200983061554e-05	2.360824060243669e-06
124	2	-1.103855076904670e-05	4.348289762731639e-06
124	3	-1.199035154298844e-05	4.788753240349545e-06
125	0	-1.220200983061554e-05	2.360824060243669e-06
125	1	-1.318613087355196e-05	2.574437203357284e-06
125	2	-1.199035154298844e-05	4.788753240349545e-06
125	3	-1.294669226691253e-05	5.231407367459045e-06
126	0	-1.318613087355196e-05	2.574437203357284e-06
126	1	-1.417404821381568e-05	2.783543795684357e-06
126	2	-1.294669226691253e-05	5.231407367459045e-06
126	3	-1.392896672349196e-05	5.653272910100683e-06
127	0	-1.417404821381568e-05	2.783543795684357e-06
127	1	-1.515615862408427e-05	2.978308610350011e-06
127	2	-1.392896672349196e-05	5.653272910100683e-06
127	3	-1.492835498017761e-05	6.059212062152146e-06
128	0	-1.515615862408427e-05	2.978308610350011e-06
128	1	-1.613677897769015e-05	3.151857895006333e-06
128	2	-1.492835498017761e-05	6.059212062152146e-06
128	3	-1.592687220761666e-05	6.443124762407984e-06
129	0	-1.613677897769015e-05	3.151857895006333e-06
129	1	-1.710441116090296e-05	3.282347564520840e-06
129	2	-1.592687220761666e-05	6.443124762407984e-06
129	3	-1.691438424640535e-05	6.764577823159267e-06
130	0	-1.710441116090296e-05	3.282347564520840e-06
130	1	-1.804258789953931e-05	3.381913205529528e-06
130	2	-1.691438424640535e-05	6.764577823159267e-06
130	3	-1.788673733693821e-05	6.997783066633784e-06
131	0	-1.804258789953931e-05	3.381913205529528e-06
131	1	-1.892985716441218e-05	3.500316857031201e-06
131	2	-1.788673733693821e-05	6.997783066633784e-06
131	3	-1.880874560424472e-05	7.097130460539791e-06
132	0	-4.298522302251447e-06	2.366371570930988e-06
132	1	-5.445008173151456e-06	1.632572131790414e-06
132	2	-4.202129666555750e-06	3.577638196305889e-06
132	3	-5.131418937535408e-06	2.522900205648239e-06
133	0	-5.445008173151456e-06	1.632572131790414e-06
133	1	-6.037068893691597e-06	1.825774381867583e-06
133	2	-5.131418937535408e-06	2.522900205648239e-06
133	3	-5.716248977098196e-06	2.815438881140624e-06
134	0	-6.037068893691597e-06	1.825774381867583e-06
134	1	-6.707537725168079e-06	2.190812329658667e-06
134	2	-5.716248977098196e-06	2.815438881140624e-06
134	3	-6.394149236717322e-06	3.357586095027003e-06
135	0	-6.707537725168079e-06	2.190812329658667e-06
135	1	-7.474810628436064e-06	2.600809826521082e-06
135	2	-6.394149236717322e-06	3.357586095027003e-06
135	3	-7.166930293787531e-06	3.974642613032210e-06
136	0	-7.474810628436064e-06	2.600809826521082e-06
136	1	-8.307113948419114e-06	3.030427332135459e-06
136	2	-7.166930293787531e-06	3.974642613032210e-06
136	3	-7.996006731590106e-06	4.615711018413311e-06
137	0	-8.307113948419114e-06	3.030427332135459e-06
137	1	-9.186701550043008e-06	3.466358516402143e-06
137	2	-7.996006731590106e-06	4.615711018413311e-06
137	3	-8.869887489474198e-06	5.272844886018088e-06
138	0	-9.186701550043008e-06	3.466358516402143e-06
138	1	-1.009904766262769e-05	3.907445745063374e-06
138	2	-8.869887489474198e-06	5.272844886018088e-06
138	3	-9.771607216279469e-06	5.934083249796672e-06
139	0	-1.009904766262769e-05	3.907445745063374e-06
139	1	-1.103855076904670e-05	4.348289762731639e-06
139	2	-9.771607216279469e-06	5.934083249796672e-06
139	3	-1.068949605892252e-05	6.600128948120303e-06
140	0	-1.103855076904670e-05	4.348289762731639e-06
140	1	-1.199035154298844e-05	4.788753240349545e-06
140	2	-1.068949605892252e-05	6.600128948120303e-06
140	3	-1.163045552185197e-05	7.268278945857294e-06
141	0	-1.199035154298844e-05	4.788753240349545e-06
141	1	-1.294669226691253e-05	5.231407367459045e-06
141	2	-1.163045552185197e-05	7.268278945857294e-06
141	3	-1.259543243762662e-05	7.932781200612474e-06
142	0	-1.294669226691253e-05	5.231407367459045e-06
142	1	-1.392896672349196e-05	5.653272910100683e-06
142	2	-1.259543243762662e-05	7.932781200612474e-06
142	3	-1.354740224904438e-05	8.600475704760318e-06
143	0	-1.392896672349196e-05	5.653272910100683e-06
143	1	-1.492835498017761e-05	6.059212062152146e-06
143	2	-1.354740224904438e-05	8.600475704760318e-06
143	3	-1.449228933499030e-05	9.261320037851700e-06
144	0	-1.492835498017761e-05	6.059212062152146e-06
144	1	-1.592687220761666e-05	6.443124762407984e-06
144	2	-1.449228933499030e-05	9.261320037851700e-06
144	3	-1.545863496544595e-05	9.868523026931641e-06
145	0	-1.592687220761666e-05	6.443124762407984e-06
145	1	-1.691438424640535e-05	6.764577823159267e-06
145	2	-1.545863496544595e-05	9.868523026931641e-06
145	3	-1.645563342473349e-05	1.041849249278222e-05
146	0	-1.691438424640535e-05	6.764577823159267e-06
146	1	-1.788673733693821e-05	6.997783066633784e-06
146	2	-1.645563342473349e-05	1.041849249278222e-05
146	3	-1.746173552603055e-05	1.087973455309585e-05
147	0	-1.788673733693821e-05	6.997783066633784e-06
147	1	-1.880874560424472e-05	7.097130460539791e-06
147	2	-1.746173552603055e-05	1.087973455309585e-05
147	3	-1.846878797501460e-05	1.115384159588337e-05
148	0	-4.202129666555750e-06	3.577638196305889e-06
148	1	-5.131418937535408e-06	2.522900205648239e-06
148	2	-4.063518937059744e-06	4.785611864834280e-06
148	3	-4.701540028925126e-06	3.477837524573198e-06
149	0	-5.131418937535408e-06	2.522900205648239e-06
149	1	-5.716248977098196e-06	2.815438881140624e-06
149	2	-4.701540028925126e-06	3.477837524573198e-06
149	3	-5.276494498685729e-06	3.867261433716822e-06
150	0	-5.716248977098196e-06	2.815438881140624e-06
150	1	-6.394149236717322e-06	3.357586095027003e-06
150	2	-5.276494498685729e-06	3.867261433716822e-06
150	3	-5.959682467841863e-06	4.578351024738736e-06
151	0	-6.394149236717322e-06	3.357586095027003e-06
151	1	-7.166930293787531e-06	3.974642613032210e-06
151	2	-5.959682467841863e-06	4.578351024738736e-06
151	3	-6.738862825169629e-06	5.393178080273872e-06
152	0	-7.166930293787531e-06	3.974642613032210e-06
152	1	-7.996006731590106e-06	4.615711018413311e-06
152	2	-6.738862825169629e-06	5.393178080273872e-06
152	3	-7.562873248343619e-06	6.240706478599755e-06
153	0	-7.996006731590106e-06	4.615711018413311e-06
153	1	-8.869887489474198e-06	5.272844886018088e-06
153	2	-7.562873248343619e-06	6.240706478599755e-06
153	3	-8.426725621140836e-06	7.110470901336258e-06
154	0	-8.869887489474198e-06	5.272844886018088e-06
154	1	-9.771607216279469e-06	5.934083249796672e-06
154	2	-8.426725621140836e-06	7.110470901336258e-06
154	3	-9.310345762075429e-06	7.991870170553498e-06
155	0	-9.771607216279469e-06	5.934083249796672e-06
155	1	-1.068949605892252e-05	6.600128948120303e-06
155	2	-9.310345762075429e-06	7.991870170553498e-06
155	3	-1.022237526832236e-05	8.865356322769014e-06
156	0	-1.068949605892252e-05	6.600128948120303e-06
156	1	-1.163045552185197e-05	7.268278945857294e-06
156	2	-1.022237526832236e-05	8.865356322769014e-06
156	3	-1.111997639804544e-05	9.779199432581657e-06
157	0	-1.163045552185197e-05	7.268278945857294e-06
157	1	-1.259543243762662e-05	7.932781200612474e-06
157	2	-1.111997639804544e-05	9.779199432581657e-06
157	3	-1.201861767921639e-05	1.066263918251444e-05
158	0	-1.259543243762662e-05	7.932781200612474e-06
158	1	-1.354740224904438e-05	8.600475704760318e-06
158	2	-1.201861767921639e-05	1.066263918251444e-05
158	3	-1.295663938116195e-05	1.152405788711639e-05
159	0	-1.354740224904438e-05	8.600475704760318e-06
159	1	-1.449228933499030e-05	9.261320037851700e-06
159	2	-1.295663938116195e-05	1.152405788711639e-05
159	3	-1.391374094508225e-05	1.241286345464588e-05
160	0	-1.449228933499030e-05	9.261320037851700e-06
160	1	-1.545863496544595e-05	9.868523026931641e-06
160	2	-1.391374094508225e-05	1.241286345464588e-05
160	3	-1.486535320978602e-05	1.330541579952560e-05
161	0	-1.545863496544595e-05	9.868523026931641e-06
161	1	-1.645563342473349e-05	1.041849249278222e-05
161	2	-1.486535320978602e-05	1.330541579952560e-05
161	3	-1.581473324810377e-05	1.416488402504314e-05
162	0	-1.645563342473349e-05	1.041849249278222e-05
162	1	-1.746173552603055e-05	1.087973455309585e-05
162	2	-1.581473324810377e-05	1.416488402504314e-05
162	3	-1.680789836601366e-05	1.499607984554831e-05
163	0	-1.746173552603055e-05	1.087973455309585e-05
163	1	-1.846878797501460e-05	1.115384159588337e-05
163	2	-1.680789836601366e-05	1.499607984554831e-05
163	3	-1.787948012489620e-05	1.575626624018578e-05
164	0	-4.063518937059744e-06	4.785611864834280e-06
164	1	-4.701540028925126e-06	3.477837524573198e-06
164	2	-3.881964763809189e-06	5.972038972826458e-06
164	3	-4.177476863322668e-06	4.502545002371931e-06
165	0	-4.701540028925126e-06	3.477837524573198e-06
165	1	-5.276494498685729e-06	3.867261433716822e-06
165	2	-4.177476863322668e-06	4.502545002371931e-06
165	3	-4.736604798757022e-06	4.982496014740569e-06
166	0	-5.276494498685729e-06	3.867261433716822e-06
166	1	-5.959682467841863e-06	4.578351024738736e-06
166	2	-4.736604798757022e-06	4.982496014740569e-06
166	3	-5.424215908046094e-06	5.851864865060951e-06
167	0	-5.959682467841863e-06	4.578351024738736e-06
167	1	-6.738862825169629e-06	5.393178080273872e-06
167	2	-5.424215908046094e-06	5.851864865060951e-06
167	3	-6.208204742826992e-06	6.846916512707732e-06
168	0	-6.738862825169629e-06	5.393178080273872e-06
168	1	-7.562873248343619e-06	6.240706478599755e-06
168	2	-6.208204742826992e-06	6.846916512707732e-06
168	3	-7.022459690549554e-06	7.893512592538935e-06
169	0	-7.562873248343619e-06	6.240706478599755e-06
169	1	-8.426725621140836e-06	7.110470901336258e-06
169	2	-7.022459690549554e-06	7.893512592538935e-06
169	3	-7.868940958829644e-06	8.962415902986516e-06
170	0	-8.426725621140836e-06	7.110470901336258e-06
170	1	-9.310345762075429e-06	7.991870170553498e-06
170	2	-7.868940958829644e-06	8.962415902986516e-06
170	3	-8.732457465135037e-06	1.004957719770572e-05
171	0	-9.310345762075429e-06	7.991870170553498e-06
171	1	-1.022237526832236e-05	8.865356322769014e-06
171	2	-8.732457465135037e-06	1.004957719770572e-05
171	3	-9.594737048300864e-06	1.114873220810072e-05
172	0	-1.022237526832236e-05	8.865356322769014e-06
172	1	-1.111997639804544e-05	9.779199432581657e-06
172	2	-9.594737048300864e-06	1.114873220810072e-05
172	3	-1.049335425450357e-05	1.222237831035507e-05
173	0	-1.111997639804544e-05	9.779199432581657e-06
173	1	-1.201861767921639e-05	1.066263918251444e-05
173	2	-1.049335425450357e-05	1.222237831035507e-05
173	3	-1.139723769242978e-05	1.332380706565903e-05
174	0	-1.201861767921639e-05	1.066263918251444e-05
174	1	-1.295663938116195e-05	1.152405788711639e-05
174	2	-1.139723769242978e-05	1.332380706565903e-05
174	3	-1.227486671505063e-05	1.442645296278290e-05
175	0	-1.295663938116195e-05	1.152405788711639e-05
175	1	-1.391374094508225e-05	1.241286345464588e-05
175	2	-1.227486671505063e-05	1.442645296278290e-05
175	3	-1.314815474019173e-05	1.556875335614536e-05
176	0	-1.391374094508225e-05	1.241286345464588e-05
176	1	-1.486535320978602e-05	1.330541579952560e-05
176	2	-1.314815474019173e-05	1.556875335614536e-05
176	3	-1.404983607145271e-05	1.672155823233350e-05
177	0	-1.486535320978602e-05	1.330541579952560e-05
177	1	-1.581473324810377e-05	1.416488402504314e-05
177	2	-1.404983607145271e-05	1.672155823233350e-05
177	3	-1.498231563267663e-05	1.787942720250442e-05
178	0	-1.581473324810377e-05	1.416488402504314e-05
178	1	-1.680789836601366e-05	1.499607984554831e-05
178	2	-1.498231563267663e-05	1.787942720250442e-05
178	3	-1.595565496427013e-05	1.908149427031069e-05
179	0	-1.680789836601366e-05	1.499607984554831e-05
179	1	-1.787948012489620e-05	1.575626624018578e-05
179	2	-1.595565496427013e-05	1.908149427031069e-05
179	3	-1.702155731240902e-05	2.035809270360928e-05
180	0	-3.881964763809189e-06	5.972038972826458e-06
180	1	-4.177476863322668e-06	4.502545002371931e-06
180	2	-3.657962594942577e-06	7.116159587997947e-06
180	3	-3.591170881577440e-06	5.591770951118190e-06
181	0	-4.177476863322668e-06	4.502545002371931e-06
181	1	-4.736604798757022e-06	4.982496014740569e-06
181	2	-3.591170881577440e-06	5.591770951118190e-06
181	3	-4.123448893835549e-06	6.156240092142707e-06
182	0	-4.736604798757022e-06	4.982496014740569e-06
182	1	-5.424215908046094e-06	5.851864865060951e-06
182	2	-4.123448893835549e-06	6.156240092142707e-06
182	3	-4.820088952601692e-06	7.165537729808887e-06
183	0	-5.424215908046094e-06	5.851864865060951e-06
183	1	-6.208204742826992e-06	6.846916512707732e-06
183	2	-4.820088952601692e-06	7.165537729808887e-06
183	3	-5.590062795757415e-06	8.324398327220880e-06
184	0	-6.208204742826992e-06	6.846916512707732e-06
184	1	-7.022459690549554e-06	7.893512592538935e-06
184	2	-5.590062795757415e-06	8.324398327220880e-06
184	3	-6.397653377975765e-06	9.549970139547024e-06
185	0	-7.022459690549554e-06	7.893512592538935e-06
185	1	-7.868940958829644e-06	8.962415902986516e-06
185	2	-6.397653377975765e-06	9.549970139547024e-06
185	3	-7.209975767811452e-06	1.080886606574938e-05
186	0	-7.868940958829644e-06	8.962415902986516e-06
186	1	-8.732457465135037e-06	1.004957719770572e-05
186	2	-7.209975767811452e-06	1.080886606574938e-05
186	3	-8.046652333321999e-06	1.208246552914750e-05
187	0	-8.732457465135037e-06	1.004957719770572e-05
187	1	-9.594737048300864e-06	1.114873220810072e-05
187	2	-8.046652333321999e-06	1.208246552914750e-05
187	3	-8.902556604378607e-06	1.336145133245984e-05
188	0	-9.594737048300864e-06	1.114873220810072e-05
188	1	-1.049335425450357e-05	1.222237831035507e-05
188	2	-8.902556604378607e-06	1.336145133245984e-05
188	3	-9.733607329282320e-06	1.466240334584636e-05
189	0	-1.049335425450357e-05	1.222237831035507e-05
189	1	-1.139723769242978e-05	1.332380706565903e-05
189	2	-9.733607329282320e-06	1.466240334584636e-05
189	3	-1.057235845231907e-05	1.600587901765225e-05
190	0	-1.139723769242978e-05	1.332380706565903e-05
190	1	-1.227486671505063e-05	1.442645296278290e-05
190	2	-1.057235845231907e-05	1.600587901765225e-05
190	3	-1.143276077118493e-05	1.730990378774780e-05
191	0	-1.227486671505063e-05	1.442645296278290e-05
191	1	-1.314815474019173e-05	1.556875335614536e-05
191	2	-1.143276077118493e-05	1.730990378774780e-05
191	3	-1.230995771562961e-05	1.861248967391652e-05
192	0	-1.314815474019173e-05	1.556875335614536e-05
192	1	-1.404983607145271e-05	1.672155823233350e-05
192	2	-1.230995771562961e-05	1.861248967391652e-05
192	3	-1.317451007333307e-05	1.994860123125062e-05
193	0	-1.404983607145271e-05	1.672155823233350e-05
193	1	-1.498231563267663e-05	1.787942720250442e-05
193	2	-1.317451007333307e-05	1.994860123125062e-05
193	3	-1.405381143908299e-05	2.133195655756544e-05
194	0	-1.498231563267663e-05	1.787942720250442e-05
194	1	-1.595565496427013e-05	1.908149427031069e-05
194	2	-1.405381143908299e-05	2.133195655756544e-05
194	3	-1.497153621059684e-05	2.279176166286289e-05
195	0	-1.595565496427013e-05	1.908149427031069e-05
195	1	-1.702155731240902e-05	2.035809270360928e-05
195	2	-1.497153621059684e-05	2.279176166286289e-05
195	3	-1.594763868558630e-05	2.441837946242663e-05
196	0	-3.657962594942577e-06	7.116159587997947e-06
196	1	-3.591170881577440e-06	5.591770951118190e-06
196	2	-3.391974659167160e-06	8.197219180219543e-06
196	3	-2.976413955485327e-06	6.730308959279199e-06
197	0	-3.591170881577440e-06	5.591770951118190e-06
197	1	-4.123448893835549e-06	6.156240092142707e-06
197	2	-2.976413955485327e-06	6.730308959279199e-06
197	3	-3.477358384160154e-06	7.371194912163009e-06
198	0	-4.123448893835549e-06	6.156240092142707e-06
198	1	-4.820088952601692e-06	7.165537729808887e-06
198	2	-3.477358384160154e-06	7.371194912163009e-06
198	3	-4.172623775381018e-06	8.500470093937832e-06
199	0	-4.820088952601692e-06	7.165537729808887e-06
199	1	-5.590062795757415e-06	8.324398327220880e-06
199	2	-4.172623775381018e-06	8.500470093937832e-06
199	3	-4.914743617721215e-06	9.798646698278145e-06
200	0	-5.590062795757415e-06	8.324398327220880e-06
200	1	-6.397653377975765e-06	9.549970139547024e-06
200	2	-4.914743617721215e-06	9.798646698278145e-06
200	3	-5.702815276999151e-06	1.118867843957151e-05
201	0	-6.397653377975765e-06	9.549970139547024e-06
201	1	-7.209975767811452e-06	1.080886606574938e-05
201	2	-5.702815276999151e-06	1.118867843957151e-05
201	3	-6.484076820498446e-06	1.260961393931992e-05
202	0	-7.209975767811452e-06	1.080886606574938e-05
202	1	-8.046652333321999e-06	1.208246552914750e-05
202	2	-6.484076820498446e-06	1.260961393931992e-05
202	3	-7.289136319071089e-06	1.405648912039147e-05
203	0	-8.046652333321999e-06	1.208246552914750e-05
203	1	-8.902556604378607e-06	1.336145133245984e-05
203	2	-7.289136319071089e-06	1.405648912039147e-05
203	3	-8.073673062081608e-06	1.555777139590339e-05
204	0	-8.902556604378607e-06	1.336145133245984e-05
204	1	-9.733607329282320e-06	1.466240334584636e-05
204	2	-8.073673062081608e-06	1.555777139590339e-05
204	3	-8.891243580918282e-06	1.702911727153289e-05
205	0	-9.733607329282320e-06	1.466240334584636e-05
205	1	-1.057235845231907e-05	1.600587901765225e-05
205	2	-8.891243580918282e-06	1.702911727153289e-05
205	3	-9.708426217169610e-06	1.849641526914101e-05
206	0	-1.057235845231907e-05	1.600587901765225e-05
206	1	-1.143276077118493e-05	1.730990378774780e-05
206	2	-9.708426217169610e-06	1.849641526914101e-05
206	3	-1.051348448023343e-05	1.999873462626667e-05
207	0	-1.143276077118493e-05	1.730990378774780e-05
207	1	-1.230995771562961e-05	1.861248967391652e-05
207	2	-1.051348448023343e-05	1.999873462626667e-05
207	3	-1.132010380153329e-05	2.151291394171803e-05
208	0	-1.230995771562961e-05	1.861248967391652e-05
208	1	-1.317451007333307e-05	1.994860123125062e-05
208	2	-1.132010380153329e-05	2.151291394171803e-05
208	3	-1.214974485612076e-05	2.302579306964954e-05
209	0	-1.317451007333307e-05	1.994860123125062e-05
209	1	-1.405381143908299e-05	2.133195655756544e-05
209	2	-1.214974485612076e-05	2.302579306964954e-05
209	3	-1.299327371934736e-05	2.457162361185608e-05
210	0	-1.405381143908299e-05	2.133195655756544e-05
210	1	-1.497153621059684e-05	2.279176166286289e-05
210	2	-1.299327371934736e-05	2.457162361185608e-05
210	3	-1.383971882524776e-05	2.615430043824383e-05
211	0	-1.497153621059684e-05	2.279176166286289e-05
211	1	-1.594763868558630e-05	2.441837946242663e-05
211	2	-1.383971882524776e-05	2.615430043824383e-05
211	3	-1.469121912587535e-05	2.779570238193201e-05
212	0	-3.391974659167160e-06	8.197219180219543e-06
212	1	-2.976413955485327e-06	6.730308959279199e-06
212	2	-3.087509375544702e-06	9.196949967717860e-06
212	3	-2.369411835930284e-06	7.891099338288214e-06
213	0	-2.976413955485327e-06	6.730308959279199e-06
213	1	-3.477358384160154e-06	7.371194912163009e-06
213	2	-2.369411835930284e-06	7.891099338288214e-06
213	3	-2.839420870428440e-06	8.600027146961720e-06
214	0	-3.477358384160154e-06	7.371194912163009e-06
214	1	-4.172623775381018e-06	8.500470093937832e-06
214	2	-2.839420870428440e-06	8.600027146961720e-06
214	3	-3.507191008157466e-06	9.825448048263470e-06
215	0	-4.172623775381018e-06	8.500470093937832e-06
215	1	-4.914743617721215e-06	9.798646698278145e-06
215	2	-3.507191008157466e-06	9.825448048263470e-06
215	3	-4.231553262121076e-06	1.124512366451396e-05
216	0	-4.914743617721215e-06	9.798646698278145e-06
216	1	-5.702815276999151e-06	1.118867843957151e-05
216	2	-4.231553262121076e-06	1.124512366451396e-05
216	3	-4.969243725801197e-06	1.276922635569969e-05
217	0	-5.702815276999151e-06	1.118867843957151e-05
217	1	-6.484076820498446e-06	1.260961393931992e-05
217	2	-4.969243725801197e-06	1.276922635569969e-05
217	3	-5.720289970114471e-06	1.433969846452255e-05
218	0	-6.484076820498446e-06	1.260961393931992e-05
218	1	-7.289136319071089e-06	1.405648912039147e-05
218	2	-5.720289970114471e-06	1.433969846452255e-05
218	3	-6.451152434705348e-06	1.597148566687719e-05
219	0	-7.289136319071089e-06	1.405648912039147e-05
219	1	-8.073673062081608e-06	1.555777139590339e-05
219	2	-6.451152434705348e-06	1.597148566687719e-05
219	3	-7.222398527265243e-06	1.758204995038962e-05
220	0	-8.073673062081608e-06	1.555777139590339e-05
220	1	-8.891243580918282e-06	1.702911727153289e-05
220	2	-7.222398527265243e-06	1.758204995038962e-05
220	3	-7.962222672026503e-06	1.924550758058160e-05
221	0	-8.891243580918282e-06	1.702911727153289e-05
221	1	-9.708426217169610e-06	1.849641526914101e-05
221	2	-7.962222672026503e-06	1.924550758058160e-05
221	3	-8.705447840009035e-06	2.091602648022886e-05
222	0	-9.708426217169610e-06	1.849641526914101e-05
222	1	-1.051348448023343e-05	1.999873462626667e-05
222	2	-8.705447840009035e-06	2.091602648022886e-05
222	3	-9.467693181846068e-06	2.257535148269386e-05
223	0	-1.051348448023343e-05	1.999873462626667e-05
223	1	-1.132010380153329e-05	2.151291394171803e-05
223	2	-9.467693181846068e-06	2.257535148269386e-05
223	3	-1.023471298008414e-05	2.423780759333950e-05
224	0	-1.132010380153329e-05	2.151291394171803e-05
224	1	-1.214974485612076e-05	2.302579306964954e-05
224	2	-1.023471298008414e-05	2.423780759333950e-05
224	3	-1.099071514692120e-05	2.592071877433163e-05
225	0	-1.214974485612076e-05	2.302579306964954e-05
225	1	-1.299327371934736e-05	2.457162361185608e-05
225	2	-1.099071514692120e-05	2.592071877433163e-05
225	3	-1.174750210036123e-05	2.760770864059790e-05
226	0	-1.299327371934736e-05	2.457162361185608e-05
226	1	-1.383971882524776e-05	2.615430043824383e-05
226	2	-1.174750210036123e-05	2.760770864059790e-05
226	3	-1.250506338130825e-05	2.929663556480435e-05
227	0	-1.383971882524776e-05	2.615430043824383e-05
227	1	-1.469121912587535e-05	2.779570238193201e-05
227	2	-1.250506338130825e-05	2.929663556480435e-05
227	3	-1.324440781354368e-05	3.100683631071844e-05
228	0	-3.087509375544702e-06	9.196949967717860e-06
228	1	-2.369411835930284e-06	7.891099338288214e-06
228	2	-2.751724507164358e-06	1.009669143771826e-05
228	3	-1.809321274812812e-06	9.035472733634940e-06
229	0	-2.369411835930284e-06	7.891099338288214e-06
229	1	-2.839420870428440e-06	8.600027146961720e-06
229	2	-1.809321274812812e-06	9.035472733634940e-06
229	3	-2.236384067378964e-06	9.808574674769795e-06
230	0	-2.839420870428440e-06	8.600027146961720e-06
230	1	-3.507191008157466e-06	9.825448048263470e-06
230	2	-2.236384067378964e-06	9.808574674769795e-06
230	3	-2.868569790020693e-06	1.109975795985458e-05
231	0	-3.507191008157466e-06	9.825448048263470e-06
231	1	-4.231553262121076e-06	1.124512366451396e-05
231	2	-2.868569790020693e-06	1.109975795985458e-05
231	3	-3.549331073873394e-06	1.263007706645659e-05
232	0	-4.231553262121076e-06	1.124512366451396e-05
232	1	-4.969243725801197e-06	1.276922635569969e-05
232	2	-3.549331073873394e-06	1.263007706645659e-05
232	3	-4.230367854272270e-06	1.425531103313356e-05
233	0	-4.969243725801197e-06	1.276922635569969e-05
233	1	-5.720289970114471e-06	1.433969846452255e-05
233	2	-4.230367854272270e-06	1.425531103313356e-05
233	3	-4.923915978202806e-06	1.597045874569752e-05
234	0	-5.720289970114471e-06	1.433969846452255e-05
234	1	-6.451152434705348e-06	1.597148566687719e-05
234	2	-4.923915978202806e-06	1.597045874569752e-05
234	3	-5.616348922845779e-06	1.771192565371775e-05
235	0	-6.451152434705348e-06	1.597148566687719e-05
235	1	-7.222398527265243e-06	1.758204995038962e-05
235	2	-5.616348922845779e-06	1.771192565371775e-05
235	3	-6.275737260281308e-06	1.950896724588309e-05
236	0	-7.222398527265243e-06	1.758204995038962e-05
236	1	-7.962222672026503e-06	1.924550758058160e-05
236	2	-6.275737260281308e-06	1.950896724588309e-05
236	3	-6.968314100982283e-06	2.129564947468601e-05
237	0	-7.962222672026503e-06	1.924550758058160e-05
237	1	-8.705447840009035e-06	2.091602648022886e-05
237	2	-6.968314100982283e-06	2.129564947468601e-05
237	3	-7.671093745655336e-06	2.310243304395142e-05
238	0	-8.705447840009035e-06	2.091602648022886e-05
238	1	-9.467693181846068e-06	2.257535148269386e-05
238	2	-7.671093745655336e-06	2.310243304395142e-05
238	3	-8.349174824038366e-06	2.493367796746656e-05
239	0	-9.467693181846068e-06	2.257535148269386e-05
239	1	-1.023471298008414e-05	2.423780759333950e-05
239	2	-8.349174824038366e-06	2.493367796746656e-05
239	3	-9.022397647109614e-06	2.677308382628681e-05
240	0	-1.023471298008414e-05	2.423780759333950e-05
240	1	-1.099071514692120e-05	2.592071877433163e-05
240	2	-9.022397647109614e-06	2.677308382628681e-05
240	3	-9.698199945796310e-06	2.859746727817964e-05
241	0	-1.099071514692120e-05	2.592071877433163e-05
241	1	-1.174750210036123e-05	2.760770864059790e-05
241	2	-9.698199945796310e-06	2.859746727817964e-05
241	3	-1.035016703836412e-05	3.041633736449830e-05
242	0	-1.174750210036123e-05	2.760770864059790e-05
242	1	-1.250506338130825e-05	2.929663556480435e-05
242	2	-1.035016703836412e-05	3.041633736449830e-05
242	3	-1.097148602369985e-05	3.224141807286490e-05
243	0	-1.250506338130825e-05	2.929663556480435e-05
243	1	-1.324440781354368e-05	3.100683631071844e-05
243	2	-1.097148602369985e-05	3.224141807286490e-05
243	3	-1.154324656097535e-05	3.406099123394865e-05
244	0	-2.751724507164358e-06	1.009669143771826e-05
244	1	-1.809321274812812e-06	9.035472733634940e-06
244	2	-2.388599659133708e-06	1.088558059224856e-05
244	3	-1.320701017304487e-06	1.012561471798357e-05
245	0	-1.809321274812812e-06	9.035472733634940e-06
245	1	-2.236384067378964e-06	9.808574674769795e-06
245	2	-1.320701017304487e-06	1.012561471798357e-05
245	3	-1.697678498971494e-06	1.094583990970775e-05
246	0	-2.236384067378964e-06	9.808574674769795e-06
246	1	-2.868569790020693e-06	1.109975795985458e-05
246	2	-1.697678498971494e-06	1.094583990970775e-05
246	3	-2.278429948436700e-06	1.229670376621909e-05
247	0	-2.868569790020693e-06	1.109975795985458e-05
247	1	-3.549331073873394e-06	1.263007706645659e-05
247	2	-2.278429948436700e-06	1.229670376621909e-05
247	3	-2.894540086640456e-06	1.389178030088142e-05
248	0	-3.549331073873394e-06	1.263007706645659e-05
248	1	-4.230367854272270e-06	1.425531103313356e-05
248	2	-2.894540086640456e-06	1.389178030088142e-05
248	3	-3.511652214845942e-06	1.561625820999918e-05
249	0	-4.230367854272270e-06	1.425531103313356e-05
249	1	-4.923915978202806e-06	1.597045874569752e-05
249	2	-3.511652214845942e-06	1.561625820999918e-05
249	3	-4.127096952990535e-06	1.743865405514973e-05
250	0	-4.923915978202806e-06	1.597045874569752e-05
250	1	-5.616348922845779e-06	1.771192565371775e-05
250	2	-4.127096952990535e-06	1.743865405514973e-05
250	3	-4.740652611921836e-06	1.930361870429630e-05
251	0	-5.616348922845779e-06	1.771192565371775e-05
251	1	-6.275737260281308e-06	1.950896724588309e-05
251	2	-4.740652611921836e-06	1.930361870429630e-05
251	3	-5.356589565996243e-06	2.119353128236687e-05
252	0	-6.275737260281308e-06	1.950896724588309e-05
252	1	-6.968314100982283e-06	2.129564947468601e-05
252	2	-5.356589565996243e-06	2.119353128236687e-05
252	3	-5.958771754931125e-06	2.313958856698905e-05
253	0	-6.968314100982283e-06	2.129564947468601e-05
253	1	-7.671093745655336e-06	2.310243304395142e-05
253	2	-5.958771754931125e-06	2.313958856698905e-05
253	3	-6.528011141799289e-06	2.509881652991425e-05
254	0	-7.671093745655336e-06	2.310243304395142e-05
254	1	-8.349174824038366e-06	2.493367796746656e-05
254	2	-6.528011141799289e-06	2.509881652991425e-05
254	3	-7.131557018488430e-06	2.705733483096818e-05
255	0	-8.349174824038366e-06	2.493367796746656e-05
255	1	-9.022397647109614e-06	2.677308382628681e-05
255	2	-7.131557018488430e-06	2.705733483096818e-05
255	3	-7.735541647109337e-06	2.901495752921640e-05
256	0	-9.022397647109614e-06	2.677308382628681e-05
256	1	-9.698199945796310e-06	2.859746727817964e-05
256	2	-7.735541647109337e-06	2.901495752921640e-05
256	3	-8.314447058491533e-06	3.099621149440445e-05
257	0	-9.698199945796310e-06	2.859746727817964e-05
257	1	-1.035016703836412e-05	3.041633736449830e-05
257	2	-8.314447058491533e-06	3.099621149440445e-05
257	3	-8.852557340500846e-06	3.297184632055667e-05
258	0	-1.035016703836412e-05	3.041633736449830e-05
258	1	-1.097148602369985e-05	3.224141807286490e-05
258	2	-8.852557340500846e-06	3.297184632055667e-05
258	3	-9.326871630042186e-06	3.491851651964393e-05
259	0	-1.097148602369985e-05	3.224141807286490e-05
259	1	-1.154324656097535e-05	3.406099123394865e-05
259	2	-9.326871630042186e-06	3.491851651964393e-05
259	3	-9.662353767063007e-06	3.682213624436753e-05
260	0	-2.388599659133708e-06	1.088558059224856e-05
260	1	-1.320701017304487e-06	1.012561471798357e-05
260	2	-2.005005818436759e-06	1.155397107923925e-05
260	3	-9.187288719706069e-07	1.111557665672362e-05
261	0	-1.320701017304487e-06	1.012561471798357e-05
261	1	-1.697678498971494e-06	1.094583990970775e-05
261	2	-9.187288719706069e-07	1.111557665672362e-05
261	3	-1.239750728967968e-06	1.197178819769111e-05
262	0	-1.697678498971494e-06	1.094583990970775e-05
262	1	-2.278429948436700e-06	1.229670376621909e-05
262	2	-1.239750728967968e-06	1.197178819769111e-05
262	3	-1.751384738631619e-06	1.336660593710006e-05
263	0	-2.278429948436700e-06	1.229670376621909e-05
263	1	-2.894540086640456e-06	1.389178030088142e-05
263	2	-1.751384738631619e-06	1.336660593710006e-05
263	3	-2.288520162022953e-06	1.501143565906019e-05
264	0	-2.894540086640456e-06	1.389178030088142e-05
264	1	-3.511652214845942e-06	1.561625820999918e-05
264	2	-2.288520162022953e-06	1.501143565906019e-05
264	3	-2.823926621357755e-06	1.681715895527191e-05
265	0	-3.511652214845942e-06	1.561625820999918e-05
265	1	-4.127096952990535e-06	1.743865405514973e-05
265	2	-2.823926621357755e-06	1.681715895527191e-05
265	3	-3.355362741092243e-06	1.871436033000587e-05
266	0	-4.127096952990535e-06	1.743865405514973e-05
266	1	-4.740652611921836e-06	1.930361870429630e-05
266	2	-3.355362741092243e-06	1.871436033000587e-05
266	3	-3.877001938479820e-06	2.067314042232937e-05
267	0	-4.740652611921836e-06	1.930361870429630e-05
267	1	-5.356589565996243e-06	2.119353128236687e-05
267	2	-3.877001938479820e-06	2.067314042232937e-05
267	3	-4.389975331632490e-06	2.268885556616338e-05
268	0	-5.356589565996243e-06	2.119353128236687e-05
268	1	-5.958771754931125e-06	2.313958856698905e-05
268	2	-4.389975331632490e-06	2.268885556616338e-05
268	3	-4.923534869551450e-06	2.471191152036160e-05
269	0	-5.958771754931125e-06	2.313958856698905e-05
269	1	-6.528011141799289e-06	2.509881652991425e-05
269	2	-4.923534869551450e-06	2.471191152036160e-05
269	3	-5.433724387887202e-06	2.675829262190385e-05
270	0	-6.528011141799289e-06	2.509881652991425e-05
270	1	-7.131557018488430e-06	2.705733483096818e-05
270	2	-5.433724387887202e-06	2.675829262190385e-05
270	3	-5.942585109116884e-06	2.885164290382225e-05
271	0	-7.131557018488430e-06	2.705733483096818e-05
271	1	-7.735541647109337e-06	2.901495752921640e-05
271	2	-5.942585109116884e-06	2.885164290382225e-05
271	3	-6.419483664849345e-06	3.096416732194249e-05
272	0	-7.735541647109337e-06	2.901495752921640e-05
272	1	-8.314447058491533e-06	3.099621149440445e-05
272	2	-6.419483664849345e-06	3.096416732194249e-05
272	3	-6.883920882293963e-06	3.306519258790050e-05
273	0	-8.314447058491533e-06	3.099621149440445e-05
273	1	-8.852557340500846e-06	3.297184632055667e-05
273	2	-6.883920882293963e-06	3.306519258790050e-05
273	3	-7.340846864414301e-06	3.515264469910168e-05
274	0	-8.852557340500846e-06	3.297184632055667e-05
274	1	-9.326871630042186e-06	3.491851651964393e-05
274	2	-7.340846864414301e-06	3.515264469910168e-05
274	3	-7.755474659318887e-06	3.721625596066266e-05
275	0	-9.326871630042186e-06	3.491851651964393e-05
275	1	-9.662353767063007e-06	3.682213624436753e-05
275	2	-7.755474659318887e-06	3.721625596066266e-05
275	3	-8.100381265423748e-06	3.920966166466803e-05
276	0	-2.005005818436759e-06	1.155397107923925e-05
276	1	-9.187288719706069e-07	1.111557665672362e-05
276	2	-1.606835572382468e-06	1.209465425927338e-05
276	3	-6.066321313495733e-07	1.196288950084268e-05
277	0	-9.187288719706069e-07	1.111557665672362e-05
277	1	-1.239750728967968e-06	1.197178819769111e-05
277	2	-6.066321313495733e-07	1.196288950084268e-05
277	3	-8.669901392464557e-07	1.285112331471274e-05
278	0	-1.239750728967968e-06	1.197178819769111e-05
278	1	-1.751384738631619e-06	1.336660593710006e-05
278	2	-8.669901392464557e-07	1.285112331471274e-05
278	3	-1.293717480720885e-06	1.426765690416469e-05
279	0	-1.751384738631619e-06	1.336660593710006e-05
279	1	-2.288520162022953e-06	1.501143565906019e-05
279	2	-1.293717480720885e-06	1.426765690416469e-05
279	3	-1.736839304607783e-06	1.595757280261614e-05
280	0	-2.288520162022953e-06	1.501143565906019e-05
280	1	-2.823926621357755e-06	1.681715895527191e-05
280	2	-1.736839304607783e-06	1.595757280261614e-05
280	3	-2.180010840254619e-06	1.781639221788201e-05
281	0	-2.823926621357755e-06	1.681715895527191e-05
281	1	-3.355362741092243e-06	1.871436033000587e-05
281	2	-2.180010840254619e-06	1.781639221788201e-05
281	3	-2.612946582647741e-06	1.977728422390959e-05
282	0	-3.355362741092243e-06	1.871436033000587e-05
282	1	-3.877001938479820e-06	2.067314042232937e-05
282	2	-2.612946582647741e-06	1.977728422390959e-05
282	3	-3.036596675619989e-06	2.180995437668708e-05
283	0	-3.877001938479820e-06	2.067314042232937e-05
283	1	-4.389975331632490e-06	2.268885556616338e-05
283	2	-3.036596675619989e-06	2.180995437668708e-05
283	3	-3.465252372686988e-06	2.388161264014707e-05
284	0	-4.389975331632490e-06	2.268885556616338e-05
284	1	-4.923534869551450e-06	2.471191152036160e-05
284	2	-3.465252372686988e-06	2.388161264014707e-05
284	3	-3.859350245852662e-06	2.601088709294556e-05
285	0	-4.923534869551450e-06	2.471191152036160e-05
285	1	-5.433724387887202e-06	2.675829262190385e-05
285	2	-3.859350245852662e-06	2.601088709294556e-05
285	3	-4.275617044923736e-06	2.817571014698702e-05
286	0	-5.433724387887202e-06	2.675829262190385e-05
286	1	-5.942585109116884e-06	2.885164290382225e-05
286	2	-4.275617044923736e-06	2.817571014698702e-05
286	3	-4.706086250478939e-06	3.033558073729575e-05
287	0	-5.942585109116884e-06	2.885164290382225e-05
287	1	-6.419483664849345e-06	3.096416732194249e-05
287	2	-4.706086250478939e-06	3.033558073729575e-05
287	3	-5.111467840426336e-06	3.249797167764874e-05
288	0	-6.419483664849345e-06	3.096416732194249e-05
288	1	-6.883920882293963e-06	3.306519258790050e-05
288	2	-5.111467840426336e-06	3.249797167764874e-05
288	3	-5.511233740614571e-06	3.468359616884971e-05
289	0	-6.883920882293963e-06	3.306519258790050e-05
289	1	-7.340846864414301e-06	3.515264469910168e-05
289	2	-5.511233740614571e-06	3.468359616884971e-05
289	3	-5.931881529239549e-06	3.688534942765494e-05
290	0	-7.340846864414301e-06	3.515264469910168e-05
290	1	-7.755474659318887e-06	3.721625596066266e-05
290	2	-5.931881529239549e-06	3.688534942765494e-05
290	3	-6.368682525071106e-06	3.906098409889837e-05
291	0	-7.755474659318887e-06	3.721625596066266e-05
291	1	-8.100381265423748e-06	3.920966166466803e-05
291	2	-6.368682525071106e-06	3.906098409889837e-05
291	3	-6.851937730770383e-06	4.117962358561422e-05
292	0	-1.606835572382468e-06	1.209465425927338e-05
292	1	-6.066321313495733e-07	1.196288950084268e-05
292	2	-1.200439234878495e-06	1.250617815700627e-05
292	3	-3.760693718896012e-07	1.263782570069967e-05
293	0	-6.066321313495733e-07	1.196288950084268e-05
293	1	-8.669901392464557e-07	1.285112331471274e-05
293	2	-3.760693718896012e-07	1.263782570069967e-05
293	3	-5.741143229788553e-07	1.355028876430586e-05
294	0	-8.669901392464557e-07	1.285112331471274e-05
294	1	-1.293717480720885e-06	1.426765690416469e-05
294	2	-5.741143229788553e-07	1.355028876430586e-05
294	3	-9.006035706093514e-07	1.497900619243106e-05
295	0	-1.293717480720885e-06	1.426765690416469e-05
295	1	-1.736839304607783e-06	1.595757280261614e-05
295	2	-9.006035706093514e-07	1.497900619243106e-05
295	3	-1.242003365922171e-06	1.669924726199082e-05
296	0	-1.736839304607783e-06	1.595757280261614e-05
296	1	-2.180010840254619e-06	1.781639221788201e-05
296	2	-1.242003365922171e-06	1.669924726199082e-05
296	3	-1.579065016354522e-06	1.859516297298902e-05
297	0	-2.180010840254619e-06	1.781639221788201e-05
297	1	-2.612946582647741e-06	1.977728422390959e-05
297	2	-1.579065016354522e-06	1.859516297298902e-05
297	3	-1.907768076205204e-06	2.060360121856828e-05
298	0	-2.612946582647741e-06	1.977728422390959e-05
298	1	-3.036596675619989e-06	2.180995437668708e-05
298	2	-1.907768076205204e-06	2.060360121856828e-05
298	3	-2.230597725235032e-06	2.268587400569621e-05
299	0	-3.036596675619989e-06	2.180995437668708e-05
299	1	-3.465252372686988e-06	2.388161264014707e-05
299	2	-2.230597725235032e-06	2.268587400569621e-05
299	3	-2.547486128983149e-06	2.482705497751493e-05
300	0	-3.465252372686988e-06	2.388161264014707e-05
300	1	-3.859350245852662e-06	2.601088709294556e-05
300	2	-2.547486128983149e-06	2.482705497751493e-05
300	3	-2.858716142568977e-06	2.699869990225999e-05
301	0	-3.859350245852662e-06	2.601088709294556e-05
301	1	-4.275617044923736e-06	2.817571014698702e-05
301	2	-2.858716142568977e-06	2.699869990225999e-05
301	3	-3.169807539523854e-06	2.919070245875351e-05
302	0	-4.275617044923736e-06	2.817571014698702e-05
302	1	-4.706086250478939e-06	3.033558073729575e-05
302	2	-3.169807539523854e-06	2.919070245875351e-05
302	3	-3.476136929981415e-06	3.142313278165407e-05
303	0	-4.706086250478939e-06	3.033558073729575e-05
303	1	-5.111467840426336e-06	3.249797167764874e-05
303	2	-3.476136929981415e-06	3.142313278165407e-05
303	3	-3.784145282489819e-06	3.368592245286128e-05
304	0	-5.111467840426336e-06	3.249797167764874e-05
304	1	-5.511233740614571e-06	3.468359616884971e-05
304	2	-3.784145282489819e-06	3.368592245286128e-05
304	3	-4.130693072711573e-06	3.595158799178504e-05
305	0	-5.511233740614571e-06	3.468359616884971e-05
305	1	-5.931881529239549e-06	3.688534942765494e-05
305	2	-4.130693072711573e-06	3.595158799178504e-05
305	3	-4.518550796105998e-06	3.820848519291674e-05
306	0	-5.931881529239549e-06	3.688534942765494e-05
306	1	-6.368682525071106e-06	3.906098409889837e-05
306	2	-4.518550796105998e-06	3.820848519291674e-05
306	3	-4.974081650400137e-06	4.047008266382054e-05
307	0	-6.368682525071106e-06	3.906098409889837e-05
307	1	-6.851937730770383e-06	4.117962358561422e-05
307	2	-4.974081650400137e-06	4.047008266382054e-05
307	3	-5.574596146241972e-06	4.273852013676381e-05
308	0	-1.200439234878495e-06	1.250617815700627e-05
308	1	-3.760693718896012e-07	1.263782570069967e-05
308	2	-7.931633570469170e-07	1.279108504557701e-05
308	3	-2.117912124173110e-07	1.312157090765467e-05
309	0	-3.760693718896012e-07	1.263782570069967e-05
309	1	-5.741143229788553e-07	1.355028876430586e-05
309	2	-2.117912124173110e-07	1.312157090765467e-05
309	3	-3.454321754783309e-07	1.404908058869451e-05
310	0	-5.741143229788553e-07	1.355028876430586e-05
310	1	-9.006035706093514e-07	1.497900619243106e-05
310	2	-3.454321754783309e-07	1.404908058869451e-05
310	3	-5.632172211874086e-07	1.548675857002427e-05
311	0	-9.006035706093514e-07	1.497900619243106e-05
311	1	-1.242003365922171e-06	1.669924726199082e-05
311	2	-5.632172211874086e-07	1.548675857002427e-05
311	3	-7.957345126205374e-07	1.722552696097110e-05
312	0	-1.242003365922171e-06	1.669924726199082e-05
312	1	-1.579065016354522e-06	1.859516297298902e-05
312	2	-7.957345126205374e-07	1.722552696097110e-05
312	3	-1.019133700057112e-06	1.914466702539303e-05
313	0	-1.579065016354522e-06	1.859516297298902e-05
313	1	-1.907768076205204e-06	2.060360121856828e-05
313	2	-1.019133700057112e-06	1.914466702539303e-05
313	3	-1.240950648863252e-06	2.118479963164041e-05
314	0	-1.907768076205204e-06	2.060360121856828e-05
314	1	-2.230597725235032e-06	2.268587400569621e-05
314	2	-1.240950648863252e-06	2.118479963164041e-05
314	3	-1.454558918094850e-06	2.330194168371589e-05
315	0	-2.230597725235032e-06	2.268587400569621e-05
315	1	-2.547486128983149e-06	2.482705497751493e-05
315	2	-1.454558918094850e-06	2.330194168371589e-05
315	3	-1.667407258930031e-06	2.547367465287267e-05
316	0	-2.547486128983149e-06	2.482705497751493e-05
316	1	-2.858716142568977e-06	2.699869990225999e-05
316	2	-1.667407258930031e-06	2.547367465287267e-05
316	3	-1.876106041809608e-06	2.768972323844384e-05
317	0	-2.858716142568977e-06	2.699869990225999e-05
317	1	-3.169807539523854e-06	2.919070245875351e-05
317	2	-1.876106041809608e-06	2.768972323844384e-05
317	3	-2.081978377566784e-06	2.994497090456706e-05
318	0	-3.169807539523854e-06	2.919070245875351e-05
318	1	-3.476136929981415e-06	3.142313278165407e-05
318	2	-2.081978377566784e-06	2.994497090456706e-05
318	3	-2.299893092908397e-06	3.221100512507587e-05
319	0	-3.476136929981415e-06	3.142313278165407e-05
319	1	-3.784145282489819e-06	3.368592245286128e-05
319	2	-2.299893092908397e-06	3.221100512507587e-05
319	3	-2.528035594843139e-06	3.448849002584342e-05
320	0	-3.784145282489819e-06	3.368592245286128e-05
320	1	-4.130693072711573e-06	3.595158799178504e-05
320	2	-2.528035594843139e-06	3.448849002584342e-05
320	3	-2.771306167538771e-06	3.678626503734570e-05
321	0	-4.130693072711573e-06	3.595158799178504e-05
321	1	-4.518550796105998e-06	3.820848519291674e-05
321	2	-2.771306167538771e-06	3.678626503734570e-05
321	3	-3.062441792627549e-06	3.911005554351779e-05
322	0	-4.518550796105998e-06	3.820848519291674e-05
322	1	-4.974081650400137e-06	4.047008266382054e-05
322	2	-3.062441792627549e-06	3.911005554351779e-05
322	3	-3.424724566089691e-06	4.145944043079320e-05
323	0	-4.974081650400137e-06	4.047008266382054e-05
323	1	-5.574596146241972e-06	4.273852013676381e-05
323	2	-3.424724566089691e-06	4.145944043079320e-05
323	3	-3.898387912261023e-06	4.385892449029356e-05
324	0	-7.931633570469170e-07	1.279108504557701e-05
324	1	-2.117912124173110e-07	1.312157090765467e-05
324	2	-3.912032119685062e-07	1.295544760837130e-05
324	3	-9.364035321396926e-08	1.340726821719048e-05
325	0	-2.117912124173110e-07	1.312157090765467e-05
325	1	-3.454321754783309e-07	1.404908058869451e-05
325	2	-9.364035321396926e-08	1.340726821719048e-05
325	3	-1.609734303283983e-07	1.434161047168080e-05
326	0	-3.454321754783309e-07	1.404908058869451e-05
326	1	-5.632172211874086e-07	1.548675857002427e-05
326	2	-1.609734303283983e-07	1.434161047168080e-05
326	3	-2.682134114843066e-07	1.578637292834179e-05
327	0	-5.632172211874086e-07	1.548675857002427e-05
327	1	-7.957345126205374e-07	1.722552696097110e-05
327	2	-2.682134114843066e-07	1.578637292834179e-05
327	3	-3.859321909548036e-07	1.753422684868923e-05
328	0	-7.957345126205374e-07	1.722552696097110e-05
328	1	-1.019133700057112e-06	1.914466702539303e-05
328	2	-3.859321909548036e-07	1.753422684868923e-05
328	3	-4.954708385383215e-07	1.946598469863365e-05
329	0	-1.019133700057112e-06	1.914466702539303e-05
329	1	-1.240950648863252e-06	2.118479963164041e-05
329	2	-4.954708385383215e-07	1.946598469863365e-05
329	3	-6.064529376463640e-07	2.152349866849006e-05
330	0	-1.240950648863252e-06	2.118479963164041e-05
330	1	-1.454558918094850e-06	2.330194168371589e-05
330	2	-6.064529376463640e-07	2.152349866849006e-05
330	3	-7.128296492736954e-07	2.365953246227402e-05
331	0	-1.454558918094850e-06	2.330194168371589e-05
331	1	-1.667407258930031e-06	2.547367465287267e-05
331	2	-7.128296492736954e-07	2.365953246227402e-05
331	3	-8.174944283638839e-07	2.585541752705063e-05
332	0	-1.667407258930031e-06	2.547367465287267e-05
332	1	-1.876106041809608e-06	2.768972323844384e-05
332	2	-8.174944283638839e-07	2.585541752705063e-05
332	3	-9.210201490314426e-07	2.809033091880177e-05
333	0	-1.876106041809608e-06	2.768972323844384e-05
333	1	-2.081978377566784e-06	2.994497090456706e-05
333	2	-9.210201490314426e-07	2.809033091880177e-05
333	3	-1.027218079108251e-06	3.035408541364662e-05
334	0	-2.081978377566784e-06	2.994497090456706e-05
334	1	-2.299893092908397e-06	3.221100512507587e-05
334	2	-1.027218079108251e-06	3.035408541364662e-05
334	3	-1.134260444479198e-06	3.264685594625018e-05
335	0	-2.299893092908397e-06	3.221100512507587e-05
335	1	-2.528035594843139e-06	3.448849002584342e-05
335	2	-1.134260444479198e-06	3.264685594625018e-05
335	3	-1.251886275436944e-06	3.497042658053216e-05
336	0	-2.528035594843139e-06	3.448849002584342e-05
336	1	-2.771306167538771e-06	3.678626503734570e-05
336	2	-1.251886275436944e-06	3.497042658053216e-05
336	3	-1.384336271003821e-06	3.731422661705239e-05
337	0	-2.771306167538771e-06	3.678626503734570e-05
337	1	-3.062441792627549e-06	3.911005554351779e-05
337	2	-1.384336271003821e-06	3.731422661705239e-05
337	3	-1.550733302227394e-06	3.968495106841874e-05
338	0	-3.062441792627549e-06	3.911005554351779e-05
338	1	-3.424724566089691e-06	4.145944043079320e-05
338	2	-1.550733302227394e-06	3.968495106841874e-05
338	3	-1.743855103515023e-06	4.209134231502285e-05
339	0	-3.424724566089691e-06	4.145944043079320e-05
339	1	-3.898387912261023e-06	4.385892449029356e-05
339	2	-1.743855103515023e-06	4.209134231502285e-05
339	3	-1.931871879365562e-06	4.455001445191103e-05
340	0	-3.912032119685062e-07	1.295544760837130e-05
340	1	-9.364035321396926e-08	1.340726821719048e-05
340	2	0.000000000000000e+00	1.300834879117895e-05
340	3	0.000000000000000e+00	1.349991113376548e-05
341	0	-9.364035321396926e-08	1.340726821719048e-05
341	1	-1.609734303283983e-07	1.434161047168080e-05
341	2	0.000000000000000e+00	1.349991113376548e-05
341	3	0.000000000000000e+00	1.443476372992148e-05
342	0	-1.609734303283983e-07	1.434161047168080e-05
342	1	-2.682134114843066e-07	1.578637292834179e-05
342	2	0.000000000000000e+00	1.443476372992148e-05
342	3	0.000000000000000e+00	1.588411383919553e-05
343	0	-2.682134114843066e-07	1.578637292834179e-05
343	1	-3.859321909548036e-07	1.753422684868923e-05
343	2	0.000000000000000e+00	1.588411383919553e-05
343	3	0.000000000000000e+00	1.763479451651047e-05
344	0	-3.859321909548036e-07	1.753422684868923e-05
344	1	-4.954708385383215e-07	1.946598469863365e-05
344	2	0.000000000000000e+00	1.763479451651047e-05
344	3	0.000000000000000e+00	1.956929336353680e-05
345	0	-4.954708385383215e-07	1.946598469863365e-05
345	1	-6.064529376463640e-07	2.152349866849006e-05
345	2	0.000000000000000e+00	1.956929336353680e-05
345	3	0.000000000000000e+00	2.163233634927725e-05
346	0	-6.064529376463640e-07	2.152349866849006e-05
346	1	-7.128296492736954e-07	2.365953246227402e-05
346	2	0.000000000000000e+00	2.163233634927725e-05
346	3	0.000000000000000e+00	2.377529500895789e-05
347	0	-7.128296492736954e-07	2.365953246227402e-05
347	1	-8.174944283638839e-07	2.585541752705063e-05
347	2	0.000000000000000e+00	2.377529500895789e-05
347	3	0.000000000000000e+00	2.597464611288059e-05
348	0	-8.174944283638839e-07	2.585541752705063e-05
348	1	-9.210201490314426e-07	2.809033091880177e-05
348	2	0.000000000000000e+00	2.597464611288059e-05
348	3	0.000000000000000e+00	2.821843078049435e-05
349	0	-9.210201490314426e-07	2.809033091880177e-05
349	1	-1.027218079108251e-06	3.035408541364662e-05
349	2	0.000000000000000e+00	2.821843078049435e-05
349	3	0.000000000000000e+00	3.049325810986291e-05
350	0	-1.027218079108251e-06	3.035408541364662e-05
350	1	-1.134260444479198e-06	3.264685594625018e-05
350	2	0.000000000000000e+00	3.049325810986291e-05
350	3	0.000000000000000e+00	3.279353167800582e-05
351	0	-1.134260444479198e-06	3.264685594625018e-05
351	1	-1.251886275436944e-06	3.497042658053216e-05
351	2	0.000000000000000e+00	3.279353167800582e-05
351	3	0.000000000000000e+00	3.512134525031811e-05
352	0	-1.251886275436944e-06	3.497042658053216e-05
352	1	-1.384336271003821e-06	3.731422661705239e-05
352	2	0.000000000000000e+00	3.512134525031811e-05
352	3	0.000000000000000e+00	3.747737561914471e-05
353	0	-1.384336271003821e-06	3.731422661705239e-05
353	1	-1.550733302227394e-06	3.968495106841874e-05
353	2	0.000000000000000e+00	3.747737561914471e-05
353	3	0.000000000000000e+00	3.987720874000590e-05
354	0	-1.550733302227394e-06	3.968495106841874e-05
354	1	-1.743855103515023e-06	4.209134231502285e-05
354	2	0.000000000000000e+00	3.987720874000590e-05
354	3	0.000000000000000e+00	4.233041977168199e-05
355	0	-1.743855103515023e-06	4.209134231502285e-05
355	1	-1.931871879365562e-06	4.455001445191103e-05
355	2	0.000000000000000e+00	4.233041977168199e-05
355	3	0.000000000000000e+00	4.488064012749043e-05
