要素番号	頂点番号	x	y
0	0	0.000000000000000e+00	0.000000000000000e+00
0	1	3.000000000000000e-01	0.000000000000000e+00
0	2	0.000000000000000e+00	3.000000000000000e-01
0	3	3.000000000000000e-01	2.999999999999999e-01
1	0	3.000000000000000e-01	0.000000000000000e+00
1	1	5.999999999999999e-01	0.000000000000000e+00
1	2	3.000000000000001e-01	3.000000000000000e-01
1	3	5.999999999999998e-01	2.999999999999999e-01
2	0	5.999999999999998e-01	0.000000000000000e+00
2	1	8.999999999999999e-01	0.000000000000000e+00
2	2	5.999999999999999e-01	2.999999999999999e-01
2	3	9.000000000000000e-01	2.999999999999999e-01
3	0	8.999999999999999e-01	0.000000000000000e+00
3	1	1.200000000000000e+00	0.000000000000000e+00
3	2	9.000000000000000e-01	2.999999999999999e-01
3	3	1.200000000000000e+00	2.999999999999999e-01
4	0	1.200000000000000e+00	0.000000000000000e+00
4	1	1.500000000000000e+00	0.000000000000000e+00
4	2	1.200000000000000e+00	2.999999999999999e-01
4	3	1.500000000000000e+00	3.000000000000000e-01
5	0	1.500000000000000e+00	0.000000000000000e+00
5	1	1.800000000000001e+00	0.000000000000000e+00
5	2	1.500000000000000e+00	3.000000000000000e-01
5	3	1.800000000000000e+00	3.000000000000000e-01
6	0	1.800000000000001e+00	0.000000000000000e+00
6	1	2.100000000000001e+00	0.000000000000000e+00
6	2	1.800000000000000e+00	3.000000000000000e-01
6	3	2.100000000000001e+00	3.000000000000000e-01
7	0	2.100000000000001e+00	0.000000000000000e+00
7	1	2.400000000000000e+00	0.000000000000000e+00
7	2	2.100000000000001e+00	2.999999999999999e-01
7	3	2.400000000000001e+00	3.000000000000000e-01
8	0	2.400000000000000e+00	0.000000000000000e+00
8	1	2.700000000000001e+00	0.000000000000000e+00
8	2	2.400000000000001e+00	3.000000000000000e-01
8	3	2.700000000000001e+00	3.000000000000000e-01
9	0	2.700000000000000e+00	0.000000000000000e+00
9	1	3.000000000000000e+00	0.000000000000000e+00
9	2	2.700000000000000e+00	3.000000000000000e-01
9	3	3.000000000000000e+00	3.000000000000000e-01
10	0	0.000000000000000e+00	3.000000000000000e-01
10	1	3.000000000000000e-01	3.000000000000000e-01
10	2	0.000000000000000e+00	5.999999999999999e-01
10	3	3.000000000000000e-01	6.000000000000000e-01
11	0	3.000000000000000e-01	3.000000000000000e-01
11	1	5.999999999999999e-01	2.999999999999999e-01
11	2	3.000000000000000e-01	6.000000000000000e-01
11	3	5.999999999999996e-01	5.999999999999998e-01
12	0	5.999999999999996e-01	2.999999999999999e-01
12	1	9.000000000000001e-01	3.000000000000000e-01
12	2	5.999999999999996e-01	5.999999999999999e-01
12	3	8.999999999999999e-01	5.999999999999998e-01
13	0	9.000000000000001e-01	3.000000000000000e-01
13	1	1.200000000000000e+00	3.000000000000000e-01
13	2	8.999999999999999e-01	5.999999999999998e-01
13	3	1.200000000000000e+00	5.999999999999999e-01
14	0	1.200000000000000e+00	3.000000000000000e-01
14	1	1.500000000000000e+00	3.000000000000000e-01
14	2	1.200000000000000e+00	5.999999999999999e-01
14	3	1.500000000000000e+00	6.000000000000000e-01
15	0	1.500000000000000e+00	3.000000000000000e-01
15	1	1.800000000000000e+00	3.000000000000000e-01
15	2	1.500000000000000e+00	6.000000000000000e-01
15	3	1.800000000000000e+00	5.999999999999999e-01
16	0	1.800000000000000e+00	3.000000000000000e-01
16	1	2.100000000000001e+00	3.000000000000000e-01
16	2	1.800000000000000e+00	5.999999999999999e-01
16	3	2.100000000000001e+00	6.000000000000000e-01
17	0	2.100000000000000e+00	3.000000000000000e-01
17	1	2.400000000000000e+00	3.000000000000000e-01
17	2	2.100000000000001e+00	6.000000000000000e-01
17	3	2.400000000000001e+00	5.999999999999998e-01
18	0	2.400000000000000e+00	3.000000000000000e-01
18	1	2.700000000000001e+00	3.000000000000001e-01
18	2	2.400000000000001e+00	5.999999999999998e-01
18	3	2.700000000000000e+00	6.000000000000000e-01
19	0	2.700000000000000e+00	3.000000000000000e-01
19	1	3.000000000000001e+00	3.000000000000000e-01
19	2	2.700000000000000e+00	6.000000000000000e-01
19	3	3.000000000000000e+00	5.999999999999999e-01
20	0	0.000000000000000e+00	5.999999999999998e-01
20	1	2.999999999999999e-01	5.999999999999999e-01
20	2	0.000000000000000e+00	8.999999999999999e-01
20	3	3.000000000000000e-01	9.000000000000000e-01
21	0	3.000000000000000e-01	5.999999999999998e-01
21	1	5.999999999999998e-01	5.999999999999998e-01
21	2	3.000000000000000e-01	9.000000000000001e-01
21	3	5.999999999999996e-01	8.999999999999999e-01
22	0	5.999999999999996e-01	5.999999999999996e-01
22	1	9.000000000000000e-01	5.999999999999996e-01
22	2	5.999999999999996e-01	9.000000000000000e-01
22	3	8.999999999999999e-01	9.000000000000001e-01
23	0	9.000000000000000e-01	5.999999999999996e-01
23	1	1.200000000000000e+00	5.999999999999998e-01
23	2	8.999999999999999e-01	9.000000000000001e-01
23	3	1.200000000000001e+00	9.000000000000001e-01
24	0	1.200000000000000e+00	5.999999999999998e-01
24	1	1.500000000000000e+00	5.999999999999998e-01
24	2	1.200000000000001e+00	9.000000000000001e-01
24	3	1.500000000000000e+00	9.000000000000001e-01
25	0	1.500000000000000e+00	5.999999999999998e-01
25	1	1.800000000000000e+00	5.999999999999999e-01
25	2	1.500000000000000e+00	9.000000000000001e-01
25	3	1.800000000000000e+00	9.000000000000004e-01
26	0	1.800000000000000e+00	5.999999999999999e-01
26	1	2.100000000000001e+00	5.999999999999998e-01
26	2	1.800000000000000e+00	9.000000000000004e-01
26	3	2.100000000000001e+00	9.000000000000001e-01
27	0	2.100000000000001e+00	5.999999999999998e-01
27	1	2.400000000000000e+00	5.999999999999995e-01
27	2	2.100000000000000e+00	9.000000000000000e-01
27	3	2.400000000000000e+00	8.999999999999999e-01
28	0	2.400000000000000e+00	5.999999999999995e-01
28	1	2.700000000000001e+00	5.999999999999998e-01
28	2	2.400000000000000e+00	8.999999999999999e-01
28	3	2.700000000000001e+00	9.000000000000001e-01
29	0	2.700000000000000e+00	5.999999999999999e-01
29	1	3.000000000000000e+00	5.999999999999998e-01
29	2	2.700000000000000e+00	9.000000000000002e-01
29	3	3.000000000000000e+00	8.999999999999999e-01
30	0	0.000000000000000e+00	8.999999999999999e-01
30	1	3.000000000000000e-01	9.000000000000000e-01
30	2	0.000000000000000e+00	1.200000000000000e+00
30	3	3.000000000000000e-01	1.200000000000000e+00
31	0	3.000000000000000e-01	9.000000000000001e-01
31	1	5.999999999999996e-01	8.999999999999999e-01
31	2	3.000000000000000e-01	1.200000000000000e+00
31	3	5.999999999999999e-01	1.200000000000000e+00
32	0	5.999999999999996e-01	9.000000000000000e-01
32	1	8.999999999999999e-01	9.000000000000001e-01
32	2	5.999999999999998e-01	1.200000000000000e+00
32	3	9.000000000000000e-01	1.200000000000000e+00
33	0	8.999999999999999e-01	9.000000000000001e-01
33	1	1.200000000000001e+00	9.000000000000001e-01
33	2	9.000000000000000e-01	1.200000000000000e+00
33	3	1.200000000000000e+00	1.200000000000000e+00
34	0	1.200000000000001e+00	9.000000000000001e-01
34	1	1.500000000000000e+00	9.000000000000001e-01
34	2	1.200000000000000e+00	1.200000000000000e+00
34	3	1.500000000000000e+00	1.200000000000000e+00
35	0	1.500000000000000e+00	9.000000000000001e-01
35	1	1.800000000000000e+00	9.000000000000004e-01
35	2	1.500000000000000e+00	1.200000000000000e+00
35	3	1.800000000000000e+00	1.200000000000000e+00
36	0	1.800000000000000e+00	9.000000000000004e-01
36	1	2.100000000000001e+00	9.000000000000001e-01
36	2	1.800000000000000e+00	1.200000000000000e+00
36	3	2.100000000000001e+00	1.200000000000000e+00
37	0	2.100000000000000e+00	9.000000000000000e-01
37	1	2.400000000000000e+00	8.999999999999999e-01
37	2	2.100000000000001e+00	1.200000000000000e+00
37	3	2.400000000000001e+00	1.200000000000000e+00
38	0	2.400000000000000e+00	8.999999999999999e-01
38	1	2.700000000000001e+00	9.000000000000001e-01
38	2	2.400000000000001e+00	1.200000000000000e+00
38	3	2.700000000000001e+00	1.200000000000000e+00
39	0	2.700000000000000e+00	9.000000000000002e-01
39	1	3.000000000000000e+00	8.999999999999999e-01
39	2	2.700000000000000e+00	1.200000000000000e+00
39	3	3.000000000000000e+00	1.200000000000000e+00
40	0	0.000000000000000e+00	1.200000000000000e+00
40	1	3.000000000000000e-01	1.200000000000000e+00
40	2	0.000000000000000e+00	1.500000000000000e+00
40	3	2.999999999999999e-01	1.500000000000000e+00
41	0	3.000000000000000e-01	1.200000000000000e+00
41	1	5.999999999999999e-01	1.200000000000000e+00
41	2	2.999999999999999e-01	1.500000000000000e+00
41	3	5.999999999999998e-01	1.500000000000000e+00
42	0	5.999999999999998e-01	1.200000000000000e+00
42	1	9.000000000000000e-01	1.200000000000000e+00
42	2	5.999999999999996e-01	1.500000000000000e+00
42	3	9.000000000000002e-01	1.500000000000000e+00
43	0	9.000000000000000e-01	1.200000000000000e+00
43	1	1.200000000000000e+00	1.200000000000000e+00
43	2	9.000000000000002e-01	1.500000000000000e+00
43	3	1.200000000000000e+00	1.500000000000000e+00
44	0	1.200000000000000e+00	1.200000000000000e+00
44	1	1.500000000000000e+00	1.200000000000000e+00
44	2	1.200000000000000e+00	1.500000000000000e+00
44	3	1.500000000000000e+00	1.500000000000000e+00
45	0	1.500000000000000e+00	1.200000000000000e+00
45	1	1.800000000000000e+00	1.200000000000000e+00
45	2	1.500000000000000e+00	1.500000000000000e+00
45	3	1.800000000000000e+00	1.500000000000000e+00
46	0	1.800000000000000e+00	1.200000000000000e+00
46	1	2.100000000000001e+00	1.200000000000000e+00
46	2	1.800000000000000e+00	1.500000000000000e+00
46	3	2.100000000000001e+00	1.500000000000000e+00
47	0	2.100000000000001e+00	1.200000000000000e+00
47	1	2.400000000000001e+00	1.200000000000000e+00
47	2	2.100000000000001e+00	1.500000000000000e+00
47	3	2.400000000000000e+00	1.500000000000000e+00
48	0	2.400000000000001e+00	1.200000000000000e+00
48	1	2.700000000000001e+00	1.200000000000000e+00
48	2	2.400000000000000e+00	1.500000000000000e+00
48	3	2.700000000000001e+00	1.500000000000000e+00
49	0	2.700000000000000e+00	1.200000000000000e+00
49	1	3.000000000000000e+00	1.200000000000000e+00
49	2	2.700000000000001e+00	1.500000000000000e+00
49	3	3.000000000000000e+00	1.500000000000000e+00
50	0	0.000000000000000e+00	1.500000000000000e+00
50	1	2.999999999999999e-01	1.500000000000000e+00
50	2	0.000000000000000e+00	1.800000000000001e+00
50	3	2.999999999999999e-01	1.800000000000001e+00
51	0	2.999999999999999e-01	1.500000000000000e+00
51	1	5.999999999999998e-01	1.500000000000000e+00
51	2	3.000000000000001e-01	1.800000000000001e+00
51	3	5.999999999999999e-01	1.800000000000000e+00
52	0	5.999999999999996e-01	1.500000000000000e+00
52	1	9.000000000000002e-01	1.500000000000000e+00
52	2	5.999999999999996e-01	1.800000000000000e+00
52	3	9.000000000000001e-01	1.800000000000000e+00
53	0	9.000000000000002e-01	1.500000000000000e+00
53	1	1.200000000000000e+00	1.500000000000000e+00
53	2	9.000000000000001e-01	1.800000000000000e+00
53	3	1.200000000000000e+00	1.800000000000000e+00
54	0	1.200000000000000e+00	1.500000000000000e+00
54	1	1.500000000000000e+00	1.500000000000000e+00
54	2	1.200000000000000e+00	1.800000000000000e+00
54	3	1.500000000000000e+00	1.800000000000000e+00
55	0	1.500000000000000e+00	1.500000000000000e+00
55	1	1.800000000000000e+00	1.500000000000000e+00
55	2	1.500000000000000e+00	1.800000000000000e+00
55	3	1.800000000000000e+00	1.800000000000000e+00
56	0	1.800000000000000e+00	1.500000000000000e+00
56	1	2.100000000000001e+00	1.500000000000000e+00
56	2	1.800000000000000e+00	1.800000000000000e+00
56	3	2.100000000000001e+00	1.800000000000000e+00
57	0	2.100000000000001e+00	1.500000000000000e+00
57	1	2.400000000000000e+00	1.500000000000000e+00
57	2	2.100000000000000e+00	1.800000000000000e+00
57	3	2.400000000000000e+00	1.800000000000000e+00
58	0	2.400000000000000e+00	1.500000000000000e+00
58	1	2.700000000000001e+00	1.500000000000000e+00
58	2	2.400000000000000e+00	1.800000000000000e+00
58	3	2.700000000000001e+00	1.800000000000000e+00
59	0	2.700000000000001e+00	1.500000000000000e+00
59	1	3.000000000000000e+00	1.500000000000000e+00
59	2	2.700000000000000e+00	1.800000000000000e+00
59	3	3.000000000000000e+00	1.800000000000001e+00
60	0	0.000000000000000e+00	1.800000000000001e+00
60	1	2.999999999999999e-01	1.800000000000001e+00
60	2	0.000000000000000e+00	2.100000000000001e+00
60	3	3.000000000000000e-01	2.100000000000001e+00
61	0	3.000000000000001e-01	1.800000000000001e+00
61	1	5.999999999999999e-01	1.800000000000000e+00
61	2	3.000000000000000e-01	2.100000000000001e+00
61	3	6.000000000000000e-01	2.100000000000001e+00
62	0	5.999999999999996e-01	1.800000000000000e+00
62	1	9.000000000000001e-01	1.800000000000000e+00
62	2	5.999999999999998e-01	2.100000000000001e+00
62	3	9.000000000000001e-01	2.100000000000001e+00
63	0	9.000000000000001e-01	1.800000000000000e+00
63	1	1.200000000000000e+00	1.800000000000000e+00
63	2	9.000000000000001e-01	2.100000000000001e+00
63	3	1.200000000000000e+00	2.100000000000001e+00
64	0	1.200000000000000e+00	1.800000000000000e+00
64	1	1.500000000000000e+00	1.800000000000000e+00
64	2	1.200000000000000e+00	2.100000000000001e+00
64	3	1.500000000000000e+00	2.100000000000001e+00
65	0	1.500000000000000e+00	1.800000000000000e+00
65	1	1.800000000000000e+00	1.800000000000000e+00
65	2	1.500000000000000e+00	2.100000000000001e+00
65	3	1.800000000000000e+00	2.100000000000001e+00
66	0	1.800000000000000e+00	1.800000000000000e+00
66	1	2.100000000000001e+00	1.800000000000000e+00
66	2	1.800000000000000e+00	2.100000000000001e+00
66	3	2.100000000000001e+00	2.100000000000001e+00
67	0	2.100000000000000e+00	1.800000000000000e+00
67	1	2.400000000000000e+00	1.800000000000000e+00
67	2	2.100000000000000e+00	2.100000000000001e+00
67	3	2.399999999999999e+00	2.100000000000000e+00
68	0	2.400000000000000e+00	1.800000000000000e+00
68	1	2.700000000000001e+00	1.800000000000000e+00
68	2	2.399999999999999e+00	2.100000000000000e+00
68	3	2.700000000000001e+00	2.100000000000001e+00
69	0	2.700000000000000e+00	1.800000000000000e+00
69	1	3.000000000000000e+00	1.800000000000001e+00
69	2	2.700000000000000e+00	2.100000000000001e+00
69	3	3.000000000000000e+00	2.100000000000001e+00
70	0	0.000000000000000e+00	2.100000000000001e+00
70	1	3.000000000000000e-01	2.100000000000000e+00
70	2	0.000000000000000e+00	2.400000000000000e+00
70	3	3.000000000000000e-01	2.400000000000000e+00
71	0	3.000000000000000e-01	2.100000000000000e+00
71	1	6.000000000000000e-01	2.100000000000000e+00
71	2	3.000000000000000e-01	2.400000000000000e+00
71	3	5.999999999999998e-01	2.399999999999999e+00
72	0	5.999999999999999e-01	2.100000000000000e+00
72	1	9.000000000000001e-01	2.100000000000000e+00
72	2	5.999999999999998e-01	2.400000000000000e+00
72	3	9.000000000000001e-01	2.400000000000000e+00
73	0	9.000000000000001e-01	2.100000000000000e+00
73	1	1.200000000000000e+00	2.100000000000001e+00
73	2	9.000000000000001e-01	2.400000000000000e+00
73	3	1.200000000000000e+00	2.400000000000000e+00
74	0	1.200000000000000e+00	2.100000000000001e+00
74	1	1.500000000000000e+00	2.100000000000000e+00
74	2	1.200000000000000e+00	2.400000000000000e+00
74	3	1.500000000000000e+00	2.400000000000000e+00
75	0	1.500000000000000e+00	2.100000000000000e+00
75	1	1.800000000000000e+00	2.100000000000000e+00
75	2	1.500000000000000e+00	2.400000000000000e+00
75	3	1.800000000000000e+00	2.400000000000000e+00
76	0	1.800000000000000e+00	2.100000000000000e+00
76	1	2.100000000000001e+00	2.100000000000000e+00
76	2	1.800000000000000e+00	2.400000000000000e+00
76	3	2.100000000000001e+00	2.400000000000000e+00
77	0	2.100000000000000e+00	2.100000000000000e+00
77	1	2.400000000000000e+00	2.100000000000000e+00
77	2	2.100000000000000e+00	2.400000000000000e+00
77	3	2.400000000000000e+00	2.399999999999999e+00
78	0	2.400000000000000e+00	2.100000000000000e+00
78	1	2.700000000000001e+00	2.100000000000000e+00
78	2	2.400000000000000e+00	2.399999999999999e+00
78	3	2.700000000000001e+00	2.400000000000000e+00
79	0	2.700000000000000e+00	2.100000000000000e+00
79	1	3.000000000000000e+00	2.100000000000001e+00
79	2	2.700000000000000e+00	2.400000000000000e+00
79	3	3.000000000000000e+00	2.400000000000000e+00
80	0	0.000000000000000e+00	2.400000000000000e+00
80	1	3.000000000000000e-01	2.400000000000000e+00
80	2	0.000000000000000e+00	2.700000000000001e+00
80	3	3.000000000000000e-01	2.700000000000001e+00
81	0	3.000000000000000e-01	2.400000000000000e+00
81	1	5.999999999999998e-01	2.399999999999999e+00
81	2	3.000000000000000e-01	2.700000000000001e+00
81	3	5.999999999999999e-01	2.700000000000001e+00
82	0	5.999999999999998e-01	2.400000000000000e+00
82	1	9.000000000000001e-01	2.400000000000000e+00
82	2	5.999999999999998e-01	2.700000000000000e+00
82	3	8.999999999999998e-01	2.700000000000000e+00
83	0	9.000000000000001e-01	2.400000000000000e+00
83	1	1.200000000000000e+00	2.400000000000000e+00
83	2	8.999999999999998e-01	2.700000000000000e+00
83	3	1.200000000000000e+00	2.700000000000000e+00
84	0	1.200000000000000e+00	2.400000000000000e+00
84	1	1.500000000000000e+00	2.400000000000000e+00
84	2	1.200000000000000e+00	2.700000000000000e+00
84	3	1.500000000000000e+00	2.700000000000000e+00
85	0	1.500000000000000e+00	2.400000000000000e+00
85	1	1.800000000000000e+00	2.400000000000000e+00
85	2	1.500000000000000e+00	2.700000000000000e+00
85	3	1.800000000000000e+00	2.700000000000001e+00
86	0	1.800000000000000e+00	2.400000000000000e+00
86	1	2.100000000000001e+00	2.400000000000000e+00
86	2	1.800000000000000e+00	2.700000000000001e+00
86	3	2.100000000000001e+00	2.700000000000001e+00
87	0	2.100000000000000e+00	2.400000000000000e+00
87	1	2.400000000000000e+00	2.399999999999999e+00
87	2	2.100000000000000e+00	2.700000000000001e+00
87	3	2.400000000000000e+00	2.700000000000001e+00
88	0	2.400000000000000e+00	2.399999999999999e+00
88	1	2.700000000000001e+00	2.400000000000000e+00
88	2	2.400000000000000e+00	2.700000000000001e+00
88	3	2.700000000000001e+00	2.700000000000001e+00
89	0	2.700000000000000e+00	2.400000000000000e+00
89	1	3.000000000000000e+00	2.400000000000000e+00
89	2	2.700000000000001e+00	2.700000000000000e+00
89	3	3.000000000000000e+00	2.700000000000001e+00
90	0	0.000000000000000e+00	2.700000000000000e+00
90	1	3.000000000000000e-01	2.700000000000001e+00
90	2	0.000000000000000e+00	3.000000000000000e+00
90	3	3.000000000000000e-01	3.000000000000000e+00
91	0	3.000000000000000e-01	2.700000000000000e+00
91	1	6.000000000000000e-01	2.700000000000000e+00
91	2	3.000000000000000e-01	3.000000000000001e+00
91	3	5.999999999999999e-01	3.000000000000000e+00
92	0	5.999999999999999e-01	2.699999999999999e+00
92	1	9.000000000000000e-01	2.700000000000000e+00
92	2	5.999999999999998e-01	3.000000000000000e+00
92	3	8.999999999999999e-01	3.000000000000000e+00
93	0	9.000000000000000e-01	2.700000000000000e+00
93	1	1.200000000000000e+00	2.700000000000000e+00
93	2	8.999999999999999e-01	3.000000000000000e+00
93	3	1.200000000000000e+00	3.000000000000000e+00
94	0	1.200000000000000e+00	2.700000000000000e+00
94	1	1.500000000000000e+00	2.700000000000000e+00
94	2	1.200000000000000e+00	3.000000000000000e+00
94	3	1.500000000000000e+00	3.000000000000000e+00
95	0	1.500000000000000e+00	2.700000000000000e+00
95	1	1.800000000000000e+00	2.700000000000000e+00
95	2	1.500000000000000e+00	3.000000000000000e+00
95	3	1.800000000000001e+00	3.000000000000000e+00
96	0	1.800000000000000e+00	2.700000000000000e+00
96	1	2.100000000000001e+00	2.700000000000000e+00
96	2	1.800000000000001e+00	3.000000000000000e+00
96	3	2.100000000000001e+00	3.000000000000000e+00
97	0	2.100000000000000e+00	2.700000000000000e+00
97	1	2.400000000000001e+00	2.700000000000000e+00
97	2	2.100000000000001e+00	3.000000000000000e+00
97	3	2.400000000000000e+00	3.000000000000000e+00
98	0	2.400000000000001e+00	2.700000000000000e+00
98	1	2.700000000000001e+00	2.700000000000000e+00
98	2	2.400000000000000e+00	3.000000000000000e+00
98	3	2.700000000000001e+00	3.000000000000000e+00
99	0	2.700000000000000e+00	2.700000000000000e+00
99	1	3.000000000000000e+00	2.700000000000000e+00
99	2	2.700000000000000e+00	3.000000000000000e+00
99	3	3.000000000000000e+00	3.000000000000000e+00
100	0	1.000000000000000e-01	0.000000000000000e+00
100	1	1.562500000000000e-01	0.000000000000000e+00
100	2	9.959549086128787e-02	8.985443789770476e-03
100	3	1.556179544707623e-01	1.403975592151636e-02
101	0	1.562500000000000e-01	0.000000000000000e+00
101	1	2.125000000000000e-01	0.000000000000000e+00
101	2	1.556179544707623e-01	1.403975592151636e-02
101	3	2.116404180802367e-01	1.909406805326225e-02
102	0	2.125000000000000e-01	0.000000000000000e+00
102	1	2.687500000000000e-01	0.000000000000000e+00
102	2	2.116404180802367e-01	1.909406805326225e-02
102	3	2.676628816897111e-01	2.414838018500814e-02
103	0	2.687500000000000e-01	0.000000000000000e+00
103	1	3.250000000000000e-01	0.000000000000000e+00
103	2	2.676628816897111e-01	2.414838018500814e-02
103	3	3.236853452991855e-01	2.920269231675402e-02
104	0	3.250000000000000e-01	0.000000000000000e+00
104	1	3.812500000000000e-01	0.000000000000000e+00
104	2	3.236853452991855e-01	2.920269231675402e-02
104	3	3.797078089086600e-01	3.425700444849991e-02
105	0	3.812500000000000e-01	0.000000000000000e+00
105	1	4.374999999999999e-01	0.000000000000000e+00
105	2	3.797078089086600e-01	3.425700444849991e-02
105	3	4.357302725181344e-01	3.931131658024578e-02
106	0	4.374999999999999e-01	0.000000000000000e+00
106	1	4.937500000000000e-01	0.000000000000000e+00
106	2	4.357302725181344e-01	3.931131658024578e-02
106	3	4.917527361276088e-01	4.436562871199166e-02
107	0	4.937500000000000e-01	0.000000000000000e+00
107	1	5.500000000000000e-01	0.000000000000000e+00
107	2	4.917527361276088e-01	4.436562871199166e-02
107	3	5.477751997370832e-01	4.941994084373755e-02
108	0	5.500000000000000e-01	0.000000000000000e+00
108	1	6.062500000000000e-01	0.000000000000000e+00
108	2	5.477751997370832e-01	4.941994084373755e-02
108	3	6.037976633465577e-01	5.447425297548344e-02
109	0	6.062500000000000e-01	0.000000000000000e+00
109	1	6.625000000000000e-01	0.000000000000000e+00
109	2	6.037976633465577e-01	5.447425297548344e-02
109	3	6.598201269560320e-01	5.952856510722934e-02
110	0	6.625000000000000e-01	0.000000000000000e+00
110	1	7.187500000000000e-01	0.000000000000000e+00
110	2	6.598201269560320e-01	5.952856510722934e-02
110	3	7.158425905655063e-01	6.458287723897523e-02
111	0	7.187500000000000e-01	0.000000000000000e+00
111	1	7.749999999999999e-01	0.000000000000000e+00
111	2	7.158425905655063e-01	6.458287723897523e-02
111	3	7.718650541749807e-01	6.963718937072112e-02
112	0	7.749999999999999e-01	0.000000000000000e+00
112	1	8.312500000000000e-01	0.000000000000000e+00
112	2	7.718650541749807e-01	6.963718937072112e-02
112	3	8.278875177844551e-01	7.469150150246702e-02
113	0	8.312500000000000e-01	0.000000000000000e+00
113	1	8.874999999999998e-01	0.000000000000000e+00
113	2	8.278875177844551e-01	7.469150150246702e-02
113	3	8.839099813939297e-01	7.974581363421293e-02
114	0	8.874999999999998e-01	0.000000000000000e+00
114	1	9.437500000000001e-01	0.000000000000000e+00
114	2	8.839099813939297e-01	7.974581363421293e-02
114	3	9.399324450034041e-01	8.480012576595884e-02
115	0	9.437500000000001e-01	0.000000000000000e+00
115	1	1.000000000000000e+00	0.000000000000000e+00
115	2	9.399324450034041e-01	8.480012576595884e-02
115	3	9.959549086128785e-01	8.985443789770475e-02
116	0	9.959549086128787e-02	8.985443789770476e-03
116	1	1.556179544707623e-01	1.403975592151636e-02
116	2	9.833053684165742e-02	1.819630524121448e-02
116	3	1.536414638150897e-01	2.843172693939763e-02
117	0	1.556179544707623e-01	1.403975592151636e-02
117	1	2.116404180802367e-01	1.909406805326225e-02
117	2	1.536414638150897e-01	2.843172693939763e-02
117	3	2.089523907885220e-01	3.866714863758076e-02
118	0	2.116404180802367e-01	1.909406805326225e-02
118	1	2.676628816897111e-01	2.414838018500814e-02
118	2	2.089523907885220e-01	3.866714863758076e-02
118	3	2.642633177619543e-01	4.890257033576391e-02
119	0	2.676628816897111e-01	2.414838018500814e-02
119	1	3.236853452991855e-01	2.920269231675402e-02
119	2	2.642633177619543e-01	4.890257033576391e-02
119	3	3.195742447353866e-01	5.913799203394705e-02
120	0	3.236853452991855e-01	2.920269231675402e-02
120	1	3.797078089086600e-01	3.425700444849991e-02
120	2	3.195742447353866e-01	5.913799203394705e-02
120	3	3.748851717088190e-01	6.937341373213018e-02
121	0	3.797078089086600e-01	3.425700444849991e-02
121	1	4.357302725181344e-01	3.931131658024578e-02
121	2	3.748851717088190e-01	6.937341373213018e-02
121	3	4.301960986822512e-01	7.960883543031330e-02
122	0	4.357302725181344e-01	3.931131658024578e-02
122	1	4.917527361276088e-01	4.436562871199166e-02
122	2	4.301960986822512e-01	7.960883543031330e-02
122	3	4.855070256556835e-01	8.984425712849645e-02
123	0	4.917527361276088e-01	4.436562871199166e-02
123	1	5.477751997370832e-01	4.941994084373755e-02
123	2	4.855070256556835e-01	8.984425712849645e-02
123	3	5.408179526291158e-01	1.000796788266796e-01
124	0	5.477751997370832e-01	4.941994084373755e-02
124	1	6.037976633465577e-01	5.447425297548344e-02
124	2	5.408179526291158e-01	1.000796788266796e-01
124	3	5.961288796025481e-01	1.103151005248627e-01
125	0	6.037976633465577e-01	5.447425297548344e-02
125	1	6.598201269560320e-01	5.952856510722934e-02
125	2	5.961288796025481e-01	1.103151005248627e-01
125	3	6.514398065759803e-01	1.205505222230458e-01
126	0	6.598201269560320e-01	5.952856510722934e-02
126	1	7.158425905655063e-01	6.458287723897523e-02
126	2	6.514398065759803e-01	1.205505222230458e-01
126	3	7.067507335494126e-01	1.307859439212290e-01
127	0	7.158425905655063e-01	6.458287723897523e-02
127	1	7.718650541749807e-01	6.963718937072112e-02
127	2	7.067507335494126e-01	1.307859439212290e-01
127	3	7.620616605228447e-01	1.410213656194121e-01
128	0	7.718650541749807e-01	6.963718937072112e-02
128	1	8.278875177844551e-01	7.469150150246702e-02
128	2	7.620616605228447e-01	1.410213656194121e-01
128	3	8.173725874962773e-01	1.512567873175953e-01
129	0	8.278875177844551e-01	7.469150150246702e-02
129	1	8.839099813939297e-01	7.974581363421293e-02
129	2	8.173725874962773e-01	1.512567873175953e-01
129	3	8.726835144697096e-01	1.614922090157785e-01
130	0	8.839099813939297e-01	7.974581363421293e-02
130	1	9.399324450034041e-01	8.480012576595884e-02
130	2	8.726835144697096e-01	1.614922090157785e-01
130	3	9.279944414431418e-01	1.717276307139617e-01
131	0	9.399324450034041e-01	8.480012576595884e-02
131	1	9.959549086128785e-01	8.985443789770475e-02
131	2	9.279944414431418e-01	1.717276307139617e-01
131	3	9.833053684165741e-01	1.819630524121449e-01
132	0	9.833053684165742e-02	1.819630524121448e-02
132	1	1.536414638150897e-01	2.843172693939763e-02
132	2	9.613989581870314e-02	2.751582148453696e-02
132	3	1.502185872167237e-01	4.299347106958899e-02
133	0	1.536414638150897e-01	2.843172693939763e-02
133	1	2.089523907885220e-01	3.866714863758076e-02
133	2	1.502185872167237e-01	4.299347106958899e-02
133	3	2.042972786147442e-01	5.847112065464101e-02
134	0	2.089523907885220e-01	3.866714863758076e-02
134	1	2.642633177619543e-01	4.890257033576391e-02
134	2	2.042972786147442e-01	5.847112065464101e-02
134	3	2.583759700127646e-01	7.394877023969304e-02
135	0	2.642633177619543e-01	4.890257033576391e-02
135	1	3.195742447353866e-01	5.913799203394705e-02
135	2	2.583759700127646e-01	7.394877023969304e-02
135	3	3.124546614107852e-01	8.942641982474504e-02
136	0	3.195742447353866e-01	5.913799203394705e-02
136	1	3.748851717088190e-01	6.937341373213018e-02
136	2	3.124546614107852e-01	8.942641982474504e-02
136	3	3.665333528088057e-01	1.049040694097971e-01
137	0	3.748851717088190e-01	6.937341373213018e-02
137	1	4.301960986822512e-01	7.960883543031330e-02
137	2	3.665333528088057e-01	1.049040694097971e-01
137	3	4.206120442068261e-01	1.203817189948491e-01
138	0	4.301960986822512e-01	7.960883543031330e-02
138	1	4.855070256556835e-01	8.984425712849645e-02
138	2	4.206120442068261e-01	1.203817189948491e-01
138	3	4.746907356048466e-01	1.358593685799011e-01
139	0	4.855070256556835e-01	8.984425712849645e-02
139	1	5.408179526291158e-01	1.000796788266796e-01
139	2	4.746907356048466e-01	1.358593685799011e-01
139	3	5.287694270028671e-01	1.513370181649531e-01
140	0	5.408179526291158e-01	1.000796788266796e-01
140	1	5.961288796025481e-01	1.103151005248627e-01
140	2	5.287694270028671e-01	1.513370181649531e-01
140	3	5.828481184008876e-01	1.668146677500051e-01
141	0	5.961288796025481e-01	1.103151005248627e-01
141	1	6.514398065759803e-01	1.205505222230458e-01
141	2	5.828481184008876e-01	1.668146677500051e-01
141	3	6.369268097989081e-01	1.822923173350571e-01
142	0	6.514398065759803e-01	1.205505222230458e-01
142	1	7.067507335494126e-01	1.307859439212290e-01
142	2	6.369268097989081e-01	1.822923173350571e-01
142	3	6.910055011969286e-01	1.977699669201092e-01
143	0	7.067507335494126e-01	1.307859439212290e-01
143	1	7.620616605228447e-01	1.410213656194121e-01
143	2	6.910055011969286e-01	1.977699669201092e-01
143	3	7.450841925949492e-01	2.132476165051612e-01
144	0	7.620616605228447e-01	1.410213656194121e-01
144	1	8.173725874962773e-01	1.512567873175953e-01
144	2	7.450841925949492e-01	2.132476165051612e-01
144	3	7.991628839929696e-01	2.287252660902133e-01
145	0	8.173725874962773e-01	1.512567873175953e-01
145	1	8.726835144697096e-01	1.614922090157785e-01
145	2	7.991628839929696e-01	2.287252660902133e-01
145	3	8.532415753909902e-01	2.442029156752653e-01
146	0	8.726835144697096e-01	1.614922090157785e-01
146	1	9.279944414431418e-01	1.717276307139617e-01
146	2	8.532415753909902e-01	2.442029156752653e-01
146	3	9.073202667890108e-01	2.596805652603174e-01
147	0	9.279944414431418e-01	1.717276307139617e-01
147	1	9.833053684165741e-01	1.819630524121449e-01
147	2	9.073202667890108e-01	2.596805652603174e-01
147	3	9.613989581870314e-01	2.751582148453696e-01
148	0	9.613989581870314e-02	2.751582148453696e-02
148	1	1.502185872167237e-01	4.299347106958899e-02
148	2	9.297883010624300e-02	3.680947095618729e-02
148	3	1.452794220410047e-01	5.751479836904263e-02
149	0	1.502185872167237e-01	4.299347106958899e-02
149	1	2.042972786147442e-01	5.847112065464101e-02
149	2	1.452794220410047e-01	5.751479836904263e-02
149	3	1.975800139757664e-01	7.822012578189796e-02
150	0	2.042972786147442e-01	5.847112065464101e-02
150	1	2.583759700127646e-01	7.394877023969304e-02
150	2	1.975800139757664e-01	7.822012578189796e-02
150	3	2.498806059105281e-01	9.892545319475328e-02
151	0	2.583759700127646e-01	7.394877023969304e-02
151	1	3.124546614107852e-01	8.942641982474504e-02
151	2	2.498806059105281e-01	9.892545319475328e-02
151	3	3.021811978452897e-01	1.196307806076086e-01
152	0	3.124546614107852e-01	8.942641982474504e-02
152	1	3.665333528088057e-01	1.049040694097971e-01
152	2	3.021811978452897e-01	1.196307806076086e-01
152	3	3.544817897800515e-01	1.403361080204640e-01
153	0	3.665333528088057e-01	1.049040694097971e-01
153	1	4.206120442068261e-01	1.203817189948491e-01
153	2	3.544817897800515e-01	1.403361080204640e-01
153	3	4.067823817148132e-01	1.610414354333193e-01
154	0	4.206120442068261e-01	1.203817189948491e-01
154	1	4.746907356048466e-01	1.358593685799011e-01
154	2	4.067823817148132e-01	1.610414354333193e-01
154	3	4.590829736495748e-01	1.817467628461746e-01
155	0	4.746907356048466e-01	1.358593685799011e-01
155	1	5.287694270028671e-01	1.513370181649531e-01
155	2	4.590829736495748e-01	1.817467628461746e-01
155	3	5.113835655843365e-01	2.024520902590299e-01
156	0	5.287694270028671e-01	1.513370181649531e-01
156	1	5.828481184008876e-01	1.668146677500051e-01
156	2	5.113835655843365e-01	2.024520902590299e-01
156	3	5.636841575190982e-01	2.231574176718853e-01
157	0	5.828481184008876e-01	1.668146677500051e-01
157	1	6.369268097989081e-01	1.822923173350571e-01
157	2	5.636841575190982e-01	2.231574176718853e-01
157	3	6.159847494538598e-01	2.438627450847407e-01
158	0	6.369268097989081e-01	1.822923173350571e-01
158	1	6.910055011969286e-01	1.977699669201092e-01
158	2	6.159847494538598e-01	2.438627450847407e-01
158	3	6.682853413886215e-01	2.645680724975960e-01
159	0	6.910055011969286e-01	1.977699669201092e-01
159	1	7.450841925949492e-01	2.132476165051612e-01
159	2	6.682853413886215e-01	2.645680724975960e-01
159	3	7.205859333233833e-01	2.852733999104514e-01
160	0	7.450841925949492e-01	2.132476165051612e-01
160	1	7.991628839929696e-01	2.287252660902133e-01
160	2	7.205859333233833e-01	2.852733999104514e-01
160	3	7.728865252581451e-01	3.059787273233068e-01
161	0	7.991628839929696e-01	2.287252660902133e-01
161	1	8.532415753909902e-01	2.442029156752653e-01
161	2	7.728865252581451e-01	3.059787273233068e-01
161	3	8.251871171929066e-01	3.266840547361621e-01
162	0	8.532415753909902e-01	2.442029156752653e-01
162	1	9.073202667890108e-01	2.596805652603174e-01
162	2	8.251871171929066e-01	3.266840547361621e-01
162	3	8.774877091276685e-01	3.473893821490176e-01
163	0	9.073202667890108e-01	2.596805652603174e-01
163	1	9.613989581870314e-01	2.751582148453696e-01
163	2	8.774877091276685e-01	3.473893821490176e-01
163	3	9.297883010624299e-01	3.680947095618728e-01
164	0	9.297883010624300e-02	3.680947095618729e-02
164	1	1.452794220410047e-01	5.751479836904263e-02
164	2	8.882840068297526e-02	4.592945930560035e-02
164	3	1.387943760671489e-01	7.176478016500054e-02
165	0	1.452794220410047e-01	5.751479836904263e-02
165	1	1.975800139757664e-01	7.822012578189796e-02
165	2	1.387943760671489e-01	7.176478016500054e-02
165	3	1.887603514513224e-01	9.760010102440073e-02
166	0	1.975800139757664e-01	7.822012578189796e-02
166	1	2.498806059105281e-01	9.892545319475328e-02
166	2	1.887603514513224e-01	9.760010102440073e-02
166	3	2.387263268354960e-01	1.234354218838009e-01
167	0	2.498806059105281e-01	9.892545319475328e-02
167	1	3.021811978452897e-01	1.196307806076086e-01
167	2	2.387263268354960e-01	1.234354218838009e-01
167	3	2.886923022196696e-01	1.492707427432010e-01
168	0	3.021811978452897e-01	1.196307806076086e-01
168	1	3.544817897800515e-01	1.403361080204640e-01
168	2	2.886923022196696e-01	1.492707427432010e-01
168	3	3.386582776038431e-01	1.751060636026012e-01
169	0	3.544817897800515e-01	1.403361080204640e-01
169	1	4.067823817148132e-01	1.610414354333193e-01
169	2	3.386582776038431e-01	1.751060636026012e-01
169	3	3.886242529880167e-01	2.009413844620014e-01
170	0	4.067823817148132e-01	1.610414354333193e-01
170	1	4.590829736495748e-01	1.817467628461746e-01
170	2	3.886242529880167e-01	2.009413844620014e-01
170	3	4.385902283721903e-01	2.267767053214015e-01
171	0	4.590829736495748e-01	1.817467628461746e-01
171	1	5.113835655843365e-01	2.024520902590299e-01
171	2	4.385902283721903e-01	2.267767053214015e-01
171	3	4.885562037563638e-01	2.526120261808018e-01
172	0	5.113835655843365e-01	2.024520902590299e-01
172	1	5.636841575190982e-01	2.231574176718853e-01
172	2	4.885562037563638e-01	2.526120261808018e-01
172	3	5.385221791405375e-01	2.784473470402019e-01
173	0	5.636841575190982e-01	2.231574176718853e-01
173	1	6.159847494538598e-01	2.438627450847407e-01
173	2	5.385221791405375e-01	2.784473470402019e-01
173	3	5.884881545247110e-01	3.042826678996022e-01
174	0	6.159847494538598e-01	2.438627450847407e-01
174	1	6.682853413886215e-01	2.645680724975960e-01
174	2	5.884881545247110e-01	3.042826678996022e-01
174	3	6.384541299088845e-01	3.301179887590023e-01
175	0	6.682853413886215e-01	2.645680724975960e-01
175	1	7.205859333233833e-01	2.852733999104514e-01
175	2	6.384541299088845e-01	3.301179887590023e-01
175	3	6.884201052930581e-01	3.559533096184026e-01
176	0	7.205859333233833e-01	2.852733999104514e-01
176	1	7.728865252581451e-01	3.059787273233068e-01
176	2	6.884201052930581e-01	3.559533096184026e-01
176	3	7.383860806772318e-01	3.817886304778028e-01
177	0	7.728865252581451e-01	3.059787273233068e-01
177	1	8.251871171929066e-01	3.266840547361621e-01
177	2	7.383860806772318e-01	3.817886304778028e-01
177	3	7.883520560614055e-01	4.076239513372030e-01
178	0	8.251871171929066e-01	3.266840547361621e-01
178	1	8.774877091276685e-01	3.473893821490176e-01
178	2	7.883520560614055e-01	4.076239513372030e-01
178	3	8.383180314455787e-01	4.334592721966032e-01
179	0	8.774877091276685e-01	3.473893821490176e-01
179	1	9.297883010624299e-01	3.680947095618728e-01
179	2	8.383180314455787e-01	4.334592721966032e-01
179	3	8.882840068297525e-01	4.592945930560035e-01
180	0	8.882840068297526e-02	4.592945930560035e-02
180	1	1.387943760671489e-01	7.176478016500054e-02
180	2	8.369955112186513e-02	5.472097533851425e-02
180	3	1.307805486279143e-01	8.550152396642852e-02
181	0	1.387943760671489e-01	7.176478016500054e-02
181	1	1.887603514513224e-01	9.760010102440073e-02
181	2	1.307805486279143e-01	8.550152396642852e-02
181	3	1.778615461339634e-01	1.162820725943428e-01
182	0	1.887603514513224e-01	9.760010102440073e-02
182	1	2.387263268354960e-01	1.234354218838009e-01
182	2	1.778615461339634e-01	1.162820725943428e-01
182	3	2.249425436400125e-01	1.470626212222570e-01
183	0	2.387263268354960e-01	1.234354218838009e-01
183	1	2.886923022196696e-01	1.492707427432010e-01
183	2	2.249425436400125e-01	1.470626212222570e-01
183	3	2.720235411460615e-01	1.778431698501712e-01
184	0	2.886923022196696e-01	1.492707427432010e-01
184	1	3.386582776038431e-01	1.751060636026012e-01
184	2	2.720235411460615e-01	1.778431698501712e-01
184	3	3.191045386521107e-01	2.086237184780856e-01
185	0	3.386582776038431e-01	1.751060636026012e-01
185	1	3.886242529880167e-01	2.009413844620014e-01
185	2	3.191045386521107e-01	2.086237184780856e-01
185	3	3.661855361581599e-01	2.394042671059998e-01
186	0	3.886242529880167e-01	2.009413844620014e-01
186	1	4.385902283721903e-01	2.267767053214015e-01
186	2	3.661855361581599e-01	2.394042671059998e-01
186	3	4.132665336642090e-01	2.701848157339140e-01
187	0	4.385902283721903e-01	2.267767053214015e-01
187	1	4.885562037563638e-01	2.526120261808018e-01
187	2	4.132665336642090e-01	2.701848157339140e-01
187	3	4.603475311702581e-01	3.009653643618283e-01
188	0	4.885562037563638e-01	2.526120261808018e-01
188	1	5.385221791405375e-01	2.784473470402019e-01
188	2	4.603475311702581e-01	3.009653643618283e-01
188	3	5.074285286763072e-01	3.317459129897426e-01
189	0	5.385221791405375e-01	2.784473470402019e-01
189	1	5.884881545247110e-01	3.042826678996022e-01
189	2	5.074285286763072e-01	3.317459129897426e-01
189	3	5.545095261823563e-01	3.625264616176568e-01
190	0	5.884881545247110e-01	3.042826678996022e-01
190	1	6.384541299088845e-01	3.301179887590023e-01
190	2	5.545095261823563e-01	3.625264616176568e-01
190	3	6.015905236884054e-01	3.933070102455711e-01
191	0	6.384541299088845e-01	3.301179887590023e-01
191	1	6.884201052930581e-01	3.559533096184026e-01
191	2	6.015905236884054e-01	3.933070102455711e-01
191	3	6.486715211944545e-01	4.240875588734854e-01
192	0	6.884201052930581e-01	3.559533096184026e-01
192	1	7.383860806772318e-01	3.817886304778028e-01
192	2	6.486715211944545e-01	4.240875588734854e-01
192	3	6.957525187005037e-01	4.548681075013997e-01
193	0	7.383860806772318e-01	3.817886304778028e-01
193	1	7.883520560614055e-01	4.076239513372030e-01
193	2	6.957525187005037e-01	4.548681075013997e-01
193	3	7.428335162065529e-01	4.856486561293140e-01
194	0	7.883520560614055e-01	4.076239513372030e-01
194	1	8.383180314455787e-01	4.334592721966032e-01
194	2	7.428335162065529e-01	4.856486561293140e-01
194	3	7.899145137126020e-01	5.164292047572284e-01
195	0	8.383180314455787e-01	4.334592721966032e-01
195	1	8.882840068297525e-01	4.592945930560035e-01
195	2	7.899145137126020e-01	5.164292047572284e-01
195	3	8.369955112186509e-01	5.472097533851425e-01
196	0	8.369955112186513e-02	5.472097533851425e-02
196	1	1.307805486279143e-01	8.550152396642852e-02
196	2	7.763531875748431e-02	6.302981263992305e-02
196	3	1.213051855585693e-01	9.848408224987978e-02
197	0	1.307805486279143e-01	8.550152396642852e-02
197	1	1.778615461339634e-01	1.162820725943428e-01
197	2	1.213051855585693e-01	9.848408224987978e-02
197	3	1.649750523596542e-01	1.339383518598365e-01
198	0	1.778615461339634e-01	1.162820725943428e-01
198	1	2.249425436400125e-01	1.470626212222570e-01
198	2	1.649750523596542e-01	1.339383518598365e-01
198	3	2.086449191607390e-01	1.693926214697931e-01
199	0	2.249425436400125e-01	1.470626212222570e-01
199	1	2.720235411460615e-01	1.778431698501712e-01
199	2	2.086449191607390e-01	1.693926214697931e-01
199	3	2.523147859618239e-01	2.048468910797498e-01
200	0	2.720235411460615e-01	1.778431698501712e-01
200	1	3.191045386521107e-01	2.086237184780856e-01
200	2	2.523147859618239e-01	2.048468910797498e-01
200	3	2.959846527629090e-01	2.403011606897066e-01
201	0	3.191045386521107e-01	2.086237184780856e-01
201	1	3.661855361581599e-01	2.394042671059998e-01
201	2	2.959846527629090e-01	2.403011606897066e-01
201	3	3.396545195639938e-01	2.757554302996632e-01
202	0	3.661855361581599e-01	2.394042671059998e-01
202	1	4.132665336642090e-01	2.701848157339140e-01
202	2	3.396545195639938e-01	2.757554302996632e-01
202	3	3.833243863650788e-01	3.112096999096199e-01
203	0	4.132665336642090e-01	2.701848157339140e-01
203	1	4.603475311702581e-01	3.009653643618283e-01
203	2	3.833243863650788e-01	3.112096999096199e-01
203	3	4.269942531661636e-01	3.466639695195767e-01
204	0	4.603475311702581e-01	3.009653643618283e-01
204	1	5.074285286763072e-01	3.317459129897426e-01
204	2	4.269942531661636e-01	3.466639695195767e-01
204	3	4.706641199672486e-01	3.821182391295334e-01
205	0	5.074285286763072e-01	3.317459129897426e-01
205	1	5.545095261823563e-01	3.625264616176568e-01
205	2	4.706641199672486e-01	3.821182391295334e-01
205	3	5.143339867683334e-01	4.175725087394902e-01
206	0	5.545095261823563e-01	3.625264616176568e-01
206	1	6.015905236884054e-01	3.933070102455711e-01
206	2	5.143339867683334e-01	4.175725087394902e-01
206	3	5.580038535694184e-01	4.530267783494469e-01
207	0	6.015905236884054e-01	3.933070102455711e-01
207	1	6.486715211944545e-01	4.240875588734854e-01
207	2	5.580038535694184e-01	4.530267783494469e-01
207	3	6.016737203705033e-01	4.884810479594037e-01
208	0	6.486715211944545e-01	4.240875588734854e-01
208	1	6.957525187005037e-01	4.548681075013997e-01
208	2	6.016737203705033e-01	4.884810479594037e-01
208	3	6.453435871715884e-01	5.239353175693603e-01
209	0	6.957525187005037e-01	4.548681075013997e-01
209	1	7.428335162065529e-01	4.856486561293140e-01
209	2	6.453435871715884e-01	5.239353175693603e-01
209	3	6.890134539726732e-01	5.593895871793170e-01
210	0	7.428335162065529e-01	4.856486561293140e-01
210	1	7.899145137126020e-01	5.164292047572284e-01
210	2	6.890134539726732e-01	5.593895871793170e-01
210	3	7.326833207737581e-01	5.948438567892740e-01
211	0	7.899145137126020e-01	5.164292047572284e-01
211	1	8.369955112186509e-01	5.472097533851425e-01
211	2	7.326833207737581e-01	5.948438567892740e-01
211	3	7.763531875748428e-01	6.302981263992306e-01
212	0	7.763531875748431e-02	6.302981263992305e-02
212	1	1.213051855585693e-01	9.848408224987978e-02
212	2	7.071067811865477e-02	7.071067811865475e-02
212	3	1.104854345603980e-01	1.104854345603980e-01
213	0	1.213051855585693e-01	9.848408224987978e-02
213	1	1.649750523596542e-01	1.339383518598365e-01
213	2	1.104854345603980e-01	1.104854345603980e-01
213	3	1.502601910021413e-01	1.502601910021413e-01
214	0	1.649750523596542e-01	1.339383518598365e-01
214	1	2.086449191607390e-01	1.693926214697931e-01
214	2	1.502601910021413e-01	1.502601910021413e-01
214	3	1.900349474438846e-01	1.900349474438845e-01
215	0	2.086449191607390e-01	1.693926214697931e-01
215	1	2.523147859618239e-01	2.048468910797498e-01
215	2	1.900349474438846e-01	1.900349474438845e-01
215	3	2.298097038856279e-01	2.298097038856278e-01
216	0	2.523147859618239e-01	2.048468910797498e-01
216	1	2.959846527629090e-01	2.403011606897066e-01
216	2	2.298097038856279e-01	2.298097038856278e-01
216	3	2.695844603273712e-01	2.695844603273712e-01
217	0	2.959846527629090e-01	2.403011606897066e-01
217	1	3.396545195639938e-01	2.757554302996632e-01
217	2	2.695844603273712e-01	2.695844603273712e-01
217	3	3.093592167691144e-01	3.093592167691144e-01
218	0	3.396545195639938e-01	2.757554302996632e-01
218	1	3.833243863650788e-01	3.112096999096199e-01
218	2	3.093592167691144e-01	3.093592167691144e-01
218	3	3.491339732108579e-01	3.491339732108578e-01
219	0	3.833243863650788e-01	3.112096999096199e-01
219	1	4.269942531661636e-01	3.466639695195767e-01
219	2	3.491339732108579e-01	3.491339732108578e-01
219	3	3.889087296526011e-01	3.889087296526011e-01
220	0	4.269942531661636e-01	3.466639695195767e-01
220	1	4.706641199672486e-01	3.821182391295334e-01
220	2	3.889087296526011e-01	3.889087296526011e-01
220	3	4.286834860943444e-01	4.286834860943443e-01
221	0	4.706641199672486e-01	3.821182391295334e-01
221	1	5.143339867683334e-01	4.175725087394902e-01
221	2	4.286834860943444e-01	4.286834860943443e-01
221	3	4.684582425360877e-01	4.684582425360877e-01
222	0	5.143339867683334e-01	4.175725087394902e-01
222	1	5.580038535694184e-01	4.530267783494469e-01
222	2	4.684582425360877e-01	4.684582425360877e-01
222	3	5.082329989778309e-01	5.082329989778309e-01
223	0	5.580038535694184e-01	4.530267783494469e-01
223	1	6.016737203705033e-01	4.884810479594037e-01
223	2	5.082329989778309e-01	5.082329989778309e-01
223	3	5.480077554195742e-01	5.480077554195742e-01
224	0	6.016737203705033e-01	4.884810479594037e-01
224	1	6.453435871715884e-01	5.239353175693603e-01
224	2	5.480077554195742e-01	5.480077554195742e-01
224	3	5.877825118613176e-01	5.877825118613177e-01
225	0	6.453435871715884e-01	5.239353175693603e-01
225	1	6.890134539726732e-01	5.593895871793170e-01
225	2	5.877825118613176e-01	5.877825118613177e-01
225	3	6.275572683030608e-01	6.275572683030609e-01
226	0	6.890134539726732e-01	5.593895871793170e-01
226	1	7.326833207737581e-01	5.948438567892740e-01
226	2	6.275572683030608e-01	6.275572683030609e-01
226	3	6.673320247448042e-01	6.673320247448042e-01
227	0	7.326833207737581e-01	5.948438567892740e-01
227	1	7.763531875748428e-01	6.302981263992306e-01
227	2	6.673320247448042e-01	6.673320247448042e-01
227	3	7.071067811865474e-01	7.071067811865475e-01
228	0	7.071067811865477e-02	7.071067811865475e-02
228	1	1.104854345603980e-01	1.104854345603980e-01
228	2	6.302981263992308e-02	7.763531875748431e-02
228	3	9.848408224987978e-02	1.213051855585692e-01
229	0	1.104854345603980e-01	1.104854345603980e-01
229	1	1.502601910021413e-01	1.502601910021413e-01
229	2	9.848408224987978e-02	1.213051855585692e-01
229	3	1.339383518598365e-01	1.649750523596541e-01
230	0	1.502601910021413e-01	1.502601910021413e-01
230	1	1.900349474438846e-01	1.900349474438845e-01
230	2	1.339383518598365e-01	1.649750523596541e-01
230	3	1.693926214697932e-01	2.086449191607390e-01
231	0	1.900349474438846e-01	1.900349474438845e-01
231	1	2.298097038856279e-01	2.298097038856278e-01
231	2	1.693926214697932e-01	2.086449191607390e-01
231	3	2.048468910797498e-01	2.523147859618239e-01
232	0	2.298097038856279e-01	2.298097038856278e-01
232	1	2.695844603273712e-01	2.695844603273712e-01
232	2	2.048468910797498e-01	2.523147859618239e-01
232	3	2.403011606897066e-01	2.959846527629088e-01
233	0	2.695844603273712e-01	2.695844603273712e-01
233	1	3.093592167691144e-01	3.093592167691144e-01
233	2	2.403011606897066e-01	2.959846527629088e-01
233	3	2.757554302996633e-01	3.396545195639938e-01
234	0	3.093592167691144e-01	3.093592167691144e-01
234	1	3.491339732108579e-01	3.491339732108578e-01
234	2	2.757554302996633e-01	3.396545195639938e-01
234	3	3.112096999096201e-01	3.833243863650787e-01
235	0	3.491339732108579e-01	3.491339732108578e-01
235	1	3.889087296526011e-01	3.889087296526011e-01
235	2	3.112096999096201e-01	3.833243863650787e-01
235	3	3.466639695195768e-01	4.269942531661637e-01
236	0	3.889087296526011e-01	3.889087296526011e-01
236	1	4.286834860943444e-01	4.286834860943443e-01
236	2	3.466639695195768e-01	4.269942531661637e-01
236	3	3.821182391295334e-01	4.706641199672485e-01
237	0	4.286834860943444e-01	4.286834860943443e-01
237	1	4.684582425360877e-01	4.684582425360877e-01
237	2	3.821182391295334e-01	4.706641199672485e-01
237	3	4.175725087394901e-01	5.143339867683335e-01
238	0	4.684582425360877e-01	4.684582425360877e-01
238	1	5.082329989778309e-01	5.082329989778309e-01
238	2	4.175725087394901e-01	5.143339867683335e-01
238	3	4.530267783494469e-01	5.580038535694184e-01
239	0	5.082329989778309e-01	5.082329989778309e-01
239	1	5.480077554195742e-01	5.480077554195742e-01
239	2	4.530267783494469e-01	5.580038535694184e-01
239	3	4.884810479594036e-01	6.016737203705034e-01
240	0	5.480077554195742e-01	5.480077554195742e-01
240	1	5.877825118613176e-01	5.877825118613177e-01
240	2	4.884810479594036e-01	6.016737203705034e-01
240	3	5.239353175693604e-01	6.453435871715885e-01
241	0	5.877825118613176e-01	5.877825118613177e-01
241	1	6.275572683030608e-01	6.275572683030609e-01
241	2	5.239353175693604e-01	6.453435871715885e-01
241	3	5.593895871793170e-01	6.890134539726732e-01
242	0	6.275572683030608e-01	6.275572683030609e-01
242	1	6.673320247448042e-01	6.673320247448042e-01
242	2	5.593895871793170e-01	6.890134539726732e-01
242	3	5.948438567892738e-01	7.326833207737581e-01
243	0	6.673320247448042e-01	6.673320247448042e-01
243	1	7.071067811865474e-01	7.071067811865475e-01
243	2	5.948438567892738e-01	7.326833207737581e-01
243	3	6.302981263992302e-01	7.763531875748431e-01
244	0	6.302981263992308e-02	7.763531875748431e-02
244	1	9.848408224987978e-02	1.213051855585692e-01
244	2	5.472097533851429e-02	8.369955112186514e-02
244	3	8.550152396642854e-02	1.307805486279142e-01
245	0	9.848408224987978e-02	1.213051855585692e-01
245	1	1.339383518598365e-01	1.649750523596541e-01
245	2	8.550152396642854e-02	1.307805486279142e-01
245	3	1.162820725943428e-01	1.778615461339633e-01
246	0	1.339383518598365e-01	1.649750523596541e-01
246	1	1.693926214697932e-01	2.086449191607390e-01
246	2	1.162820725943428e-01	1.778615461339633e-01
246	3	1.470626212222571e-01	2.249425436400125e-01
247	0	1.693926214697932e-01	2.086449191607390e-01
247	1	2.048468910797498e-01	2.523147859618239e-01
247	2	1.470626212222571e-01	2.249425436400125e-01
247	3	1.778431698501713e-01	2.720235411460616e-01
248	0	2.048468910797498e-01	2.523147859618239e-01
248	1	2.403011606897066e-01	2.959846527629088e-01
248	2	1.778431698501713e-01	2.720235411460616e-01
248	3	2.086237184780856e-01	3.191045386521108e-01
249	0	2.403011606897066e-01	2.959846527629088e-01
249	1	2.757554302996633e-01	3.396545195639938e-01
249	2	2.086237184780856e-01	3.191045386521108e-01
249	3	2.394042671059999e-01	3.661855361581599e-01
250	0	2.757554302996633e-01	3.396545195639938e-01
250	1	3.112096999096201e-01	3.833243863650787e-01
250	2	2.394042671059999e-01	3.661855361581599e-01
250	3	2.701848157339141e-01	4.132665336642090e-01
251	0	3.112096999096201e-01	3.833243863650787e-01
251	1	3.466639695195768e-01	4.269942531661637e-01
251	2	2.701848157339141e-01	4.132665336642090e-01
251	3	3.009653643618285e-01	4.603475311702581e-01
252	0	3.466639695195768e-01	4.269942531661637e-01
252	1	3.821182391295334e-01	4.706641199672485e-01
252	2	3.009653643618285e-01	4.603475311702581e-01
252	3	3.317459129897427e-01	5.074285286763071e-01
253	0	3.821182391295334e-01	4.706641199672485e-01
253	1	4.175725087394901e-01	5.143339867683335e-01
253	2	3.317459129897427e-01	5.074285286763071e-01
253	3	3.625264616176569e-01	5.545095261823564e-01
254	0	4.175725087394901e-01	5.143339867683335e-01
254	1	4.530267783494469e-01	5.580038535694184e-01
254	2	3.625264616176569e-01	5.545095261823564e-01
254	3	3.933070102455711e-01	6.015905236884055e-01
255	0	4.530267783494469e-01	5.580038535694184e-01
255	1	4.884810479594036e-01	6.016737203705034e-01
255	2	3.933070102455711e-01	6.015905236884055e-01
255	3	4.240875588734854e-01	6.486715211944547e-01
256	0	4.884810479594036e-01	6.016737203705034e-01
256	1	5.239353175693604e-01	6.453435871715885e-01
256	2	4.240875588734854e-01	6.486715211944547e-01
256	3	4.548681075013997e-01	6.957525187005038e-01
257	0	5.239353175693604e-01	6.453435871715885e-01
257	1	5.593895871793170e-01	6.890134539726732e-01
257	2	4.548681075013997e-01	6.957525187005038e-01
257	3	4.856486561293140e-01	7.428335162065530e-01
258	0	5.593895871793170e-01	6.890134539726732e-01
258	1	5.948438567892738e-01	7.326833207737581e-01
258	2	4.856486561293140e-01	7.428335162065530e-01
258	3	5.164292047572282e-01	7.899145137126022e-01
259	0	5.948438567892738e-01	7.326833207737581e-01
259	1	6.302981263992302e-01	7.763531875748431e-01
259	2	5.164292047572282e-01	7.899145137126022e-01
259	3	5.472097533851425e-01	8.369955112186513e-01
260	0	5.472097533851429e-02	8.369955112186514e-02
260	1	8.550152396642854e-02	1.307805486279142e-01
260	2	4.592945930560038e-02	8.882840068297528e-02
260	3	7.176478016500057e-02	1.387943760671488e-01
261	0	8.550152396642854e-02	1.307805486279142e-01
261	1	1.162820725943428e-01	1.778615461339633e-01
261	2	7.176478016500057e-02	1.387943760671488e-01
261	3	9.760010102440075e-02	1.887603514513224e-01
262	0	1.162820725943428e-01	1.778615461339633e-01
262	1	1.470626212222571e-01	2.249425436400125e-01
262	2	9.760010102440075e-02	1.887603514513224e-01
262	3	1.234354218838009e-01	2.387263268354960e-01
263	0	1.470626212222571e-01	2.249425436400125e-01
263	1	1.778431698501713e-01	2.720235411460616e-01
263	2	1.234354218838009e-01	2.387263268354960e-01
263	3	1.492707427432011e-01	2.886923022196696e-01
264	0	1.778431698501713e-01	2.720235411460616e-01
264	1	2.086237184780856e-01	3.191045386521108e-01
264	2	1.492707427432011e-01	2.886923022196696e-01
264	3	1.751060636026013e-01	3.386582776038431e-01
265	0	2.086237184780856e-01	3.191045386521108e-01
265	1	2.394042671059999e-01	3.661855361581599e-01
265	2	1.751060636026013e-01	3.386582776038431e-01
265	3	2.009413844620015e-01	3.886242529880167e-01
266	0	2.394042671059999e-01	3.661855361581599e-01
266	1	2.701848157339141e-01	4.132665336642090e-01
266	2	2.009413844620015e-01	3.886242529880167e-01
266	3	2.267767053214017e-01	4.385902283721903e-01
267	0	2.701848157339141e-01	4.132665336642090e-01
267	1	3.009653643618285e-01	4.603475311702581e-01
267	2	2.267767053214017e-01	4.385902283721903e-01
267	3	2.526120261808019e-01	4.885562037563638e-01
268	0	3.009653643618285e-01	4.603475311702581e-01
268	1	3.317459129897427e-01	5.074285286763071e-01
268	2	2.526120261808019e-01	4.885562037563638e-01
268	3	2.784473470402021e-01	5.385221791405375e-01
269	0	3.317459129897427e-01	5.074285286763071e-01
269	1	3.625264616176569e-01	5.545095261823564e-01
269	2	2.784473470402021e-01	5.385221791405375e-01
269	3	3.042826678996023e-01	5.884881545247111e-01
270	0	3.625264616176569e-01	5.545095261823564e-01
270	1	3.933070102455711e-01	6.015905236884055e-01
270	2	3.042826678996023e-01	5.884881545247111e-01
270	3	3.301179887590024e-01	6.384541299088848e-01
271	0	3.933070102455711e-01	6.015905236884055e-01
271	1	4.240875588734854e-01	6.486715211944547e-01
271	2	3.301179887590024e-01	6.384541299088848e-01
271	3	3.559533096184027e-01	6.884201052930585e-01
272	0	4.240875588734854e-01	6.486715211944547e-01
272	1	4.548681075013997e-01	6.957525187005038e-01
272	2	3.559533096184027e-01	6.884201052930585e-01
272	3	3.817886304778028e-01	7.383860806772319e-01
273	0	4.548681075013997e-01	6.957525187005038e-01
273	1	4.856486561293140e-01	7.428335162065530e-01
273	2	3.817886304778028e-01	7.383860806772319e-01
273	3	4.076239513372030e-01	7.883520560614055e-01
274	0	4.856486561293140e-01	7.428335162065530e-01
274	1	5.164292047572282e-01	7.899145137126022e-01
274	2	4.076239513372030e-01	7.883520560614055e-01
274	3	4.334592721966031e-01	8.383180314455789e-01
275	0	5.164292047572282e-01	7.899145137126022e-01
275	1	5.472097533851425e-01	8.369955112186513e-01
275	2	4.334592721966031e-01	8.383180314455789e-01
275	3	4.592945930560034e-01	8.882840068297527e-01
276	0	4.592945930560038e-02	8.882840068297528e-02
276	1	7.176478016500057e-02	1.387943760671488e-01
276	2	3.680947095618731e-02	9.297883010624303e-02
276	3	5.751479836904266e-02	1.452794220410047e-01
277	0	7.176478016500057e-02	1.387943760671488e-01
277	1	9.760010102440075e-02	1.887603514513224e-01
277	2	5.751479836904266e-02	1.452794220410047e-01
277	3	7.822012578189801e-02	1.975800139757664e-01
278	0	9.760010102440075e-02	1.887603514513224e-01
278	1	1.234354218838009e-01	2.387263268354960e-01
278	2	7.822012578189801e-02	1.975800139757664e-01
278	3	9.892545319475333e-02	2.498806059105281e-01
279	0	1.234354218838009e-01	2.387263268354960e-01
279	1	1.492707427432011e-01	2.886923022196696e-01
279	2	9.892545319475333e-02	2.498806059105281e-01
279	3	1.196307806076087e-01	3.021811978452898e-01
280	0	1.492707427432011e-01	2.886923022196696e-01
280	1	1.751060636026013e-01	3.386582776038431e-01
280	2	1.196307806076087e-01	3.021811978452898e-01
280	3	1.403361080204640e-01	3.544817897800515e-01
281	0	1.751060636026013e-01	3.386582776038431e-01
281	1	2.009413844620015e-01	3.886242529880167e-01
281	2	1.403361080204640e-01	3.544817897800515e-01
281	3	1.610414354333193e-01	4.067823817148132e-01
282	0	2.009413844620015e-01	3.886242529880167e-01
282	1	2.267767053214017e-01	4.385902283721903e-01
282	2	1.610414354333193e-01	4.067823817148132e-01
282	3	1.817467628461747e-01	4.590829736495748e-01
283	0	2.267767053214017e-01	4.385902283721903e-01
283	1	2.526120261808019e-01	4.885562037563638e-01
283	2	1.817467628461747e-01	4.590829736495748e-01
283	3	2.024520902590300e-01	5.113835655843366e-01
284	0	2.526120261808019e-01	4.885562037563638e-01
284	1	2.784473470402021e-01	5.385221791405375e-01
284	2	2.024520902590300e-01	5.113835655843366e-01
284	3	2.231574176718853e-01	5.636841575190982e-01
285	0	2.784473470402021e-01	5.385221791405375e-01
285	1	3.042826678996023e-01	5.884881545247111e-01
285	2	2.231574176718853e-01	5.636841575190982e-01
285	3	2.438627450847407e-01	6.159847494538599e-01
286	0	3.042826678996023e-01	5.884881545247111e-01
286	1	3.301179887590024e-01	6.384541299088848e-01
286	2	2.438627450847407e-01	6.159847494538599e-01
286	3	2.645680724975961e-01	6.682853413886216e-01
287	0	3.301179887590024e-01	6.384541299088848e-01
287	1	3.559533096184027e-01	6.884201052930585e-01
287	2	2.645680724975961e-01	6.682853413886216e-01
287	3	2.852733999104514e-01	7.205859333233834e-01
288	0	3.559533096184027e-01	6.884201052930585e-01
288	1	3.817886304778028e-01	7.383860806772319e-01
288	2	2.852733999104514e-01	7.205859333233834e-01
288	3	3.059787273233068e-01	7.728865252581452e-01
289	0	3.817886304778028e-01	7.383860806772319e-01
289	1	4.076239513372030e-01	7.883520560614055e-01
289	2	3.059787273233068e-01	7.728865252581452e-01
289	3	3.266840547361621e-01	8.251871171929067e-01
290	0	4.076239513372030e-01	7.883520560614055e-01
290	1	4.334592721966031e-01	8.383180314455789e-01
290	2	3.266840547361621e-01	8.251871171929067e-01
290	3	3.473893821490174e-01	8.774877091276684e-01
291	0	4.334592721966031e-01	8.383180314455789e-01
291	1	4.592945930560034e-01	8.882840068297527e-01
291	2	3.473893821490174e-01	8.774877091276684e-01
291	3	3.680947095618728e-01	9.297883010624303e-01
292	0	3.680947095618731e-02	9.297883010624303e-02
292	1	5.751479836904266e-02	1.452794220410047e-01
292	2	2.751582148453697e-02	9.613989581870318e-02
292	3	4.299347106958901e-02	1.502185872167237e-01
293	0	5.751479836904266e-02	1.452794220410047e-01
293	1	7.822012578189801e-02	1.975800139757664e-01
293	2	4.299347106958901e-02	1.502185872167237e-01
293	3	5.847112065464103e-02	2.042972786147442e-01
294	0	7.822012578189801e-02	1.975800139757664e-01
294	1	9.892545319475333e-02	2.498806059105281e-01
294	2	5.847112065464103e-02	2.042972786147442e-01
294	3	7.394877023969305e-02	2.583759700127646e-01
295	0	9.892545319475333e-02	2.498806059105281e-01
295	1	1.196307806076087e-01	3.021811978452898e-01
295	2	7.394877023969305e-02	2.583759700127646e-01
295	3	8.942641982474507e-02	3.124546614107853e-01
296	0	1.196307806076087e-01	3.021811978452898e-01
296	1	1.403361080204640e-01	3.544817897800515e-01
296	2	8.942641982474507e-02	3.124546614107853e-01
296	3	1.049040694097971e-01	3.665333528088057e-01
297	0	1.403361080204640e-01	3.544817897800515e-01
297	1	1.610414354333193e-01	4.067823817148132e-01
297	2	1.049040694097971e-01	3.665333528088057e-01
297	3	1.203817189948491e-01	4.206120442068262e-01
298	0	1.610414354333193e-01	4.067823817148132e-01
298	1	1.817467628461747e-01	4.590829736495748e-01
298	2	1.203817189948491e-01	4.206120442068262e-01
298	3	1.358593685799011e-01	4.746907356048467e-01
299	0	1.817467628461747e-01	4.590829736495748e-01
299	1	2.024520902590300e-01	5.113835655843366e-01
299	2	1.358593685799011e-01	4.746907356048467e-01
299	3	1.513370181649532e-01	5.287694270028672e-01
300	0	2.024520902590300e-01	5.113835655843366e-01
300	1	2.231574176718853e-01	5.636841575190982e-01
300	2	1.513370181649532e-01	5.287694270028672e-01
300	3	1.668146677500052e-01	5.828481184008878e-01
301	0	2.231574176718853e-01	5.636841575190982e-01
301	1	2.438627450847407e-01	6.159847494538599e-01
301	2	1.668146677500052e-01	5.828481184008878e-01
301	3	1.822923173350572e-01	6.369268097989083e-01
302	0	2.438627450847407e-01	6.159847494538599e-01
302	1	2.645680724975961e-01	6.682853413886216e-01
302	2	1.822923173350572e-01	6.369268097989083e-01
302	3	1.977699669201092e-01	6.910055011969287e-01
303	0	2.645680724975961e-01	6.682853413886216e-01
303	1	2.852733999104514e-01	7.205859333233834e-01
303	2	1.977699669201092e-01	6.910055011969287e-01
303	3	2.132476165051613e-01	7.450841925949492e-01
304	0	2.852733999104514e-01	7.205859333233834e-01
304	1	3.059787273233068e-01	7.728865252581452e-01
304	2	2.132476165051613e-01	7.450841925949492e-01
304	3	2.287252660902133e-01	7.991628839929700e-01
305	0	3.059787273233068e-01	7.728865252581452e-01
305	1	3.266840547361621e-01	8.251871171929067e-01
305	2	2.287252660902133e-01	7.991628839929700e-01
305	3	2.442029156752653e-01	8.532415753909904e-01
306	0	3.266840547361621e-01	8.251871171929067e-01
306	1	3.473893821490174e-01	8.774877091276684e-01
306	2	2.442029156752653e-01	8.532415753909904e-01
306	3	2.596805652603174e-01	9.073202667890108e-01
307	0	3.473893821490174e-01	8.774877091276684e-01
307	1	3.680947095618728e-01	9.297883010624303e-01
307	2	2.596805652603174e-01	9.073202667890108e-01
307	3	2.751582148453694e-01	9.613989581870315e-01
308	0	2.751582148453697e-02	9.613989581870318e-02
308	1	4.299347106958901e-02	1.502185872167237e-01
308	2	1.819630524121450e-02	9.833053684165745e-02
308	3	2.843172693939764e-02	1.536414638150897e-01
309	0	4.299347106958901e-02	1.502185872167237e-01
309	1	5.847112065464103e-02	2.042972786147442e-01
309	2	2.843172693939764e-02	1.536414638150897e-01
309	3	3.866714863758078e-02	2.089523907885221e-01
310	0	5.847112065464103e-02	2.042972786147442e-01
310	1	7.394877023969305e-02	2.583759700127646e-01
310	2	3.866714863758078e-02	2.089523907885221e-01
310	3	4.890257033576392e-02	2.642633177619543e-01
311	0	7.394877023969305e-02	2.583759700127646e-01
311	1	8.942641982474507e-02	3.124546614107853e-01
311	2	4.890257033576392e-02	2.642633177619543e-01
311	3	5.913799203394707e-02	3.195742447353866e-01
312	0	8.942641982474507e-02	3.124546614107853e-01
312	1	1.049040694097971e-01	3.665333528088057e-01
312	2	5.913799203394707e-02	3.195742447353866e-01
312	3	6.937341373213020e-02	3.748851717088190e-01
313	0	1.049040694097971e-01	3.665333528088057e-01
313	1	1.203817189948491e-01	4.206120442068262e-01
313	2	6.937341373213020e-02	3.748851717088190e-01
313	3	7.960883543031333e-02	4.301960986822513e-01
314	0	1.203817189948491e-01	4.206120442068262e-01
314	1	1.358593685799011e-01	4.746907356048467e-01
314	2	7.960883543031333e-02	4.301960986822513e-01
314	3	8.984425712849646e-02	4.855070256556836e-01
315	0	1.358593685799011e-01	4.746907356048467e-01
315	1	1.513370181649532e-01	5.287694270028672e-01
315	2	8.984425712849646e-02	4.855070256556836e-01
315	3	1.000796788266796e-01	5.408179526291159e-01
316	0	1.513370181649532e-01	5.287694270028672e-01
316	1	1.668146677500052e-01	5.828481184008878e-01
316	2	1.000796788266796e-01	5.408179526291159e-01
316	3	1.103151005248628e-01	5.961288796025481e-01
317	0	1.668146677500052e-01	5.828481184008878e-01
317	1	1.822923173350572e-01	6.369268097989083e-01
317	2	1.103151005248628e-01	5.961288796025481e-01
317	3	1.205505222230459e-01	6.514398065759803e-01
318	0	1.822923173350572e-01	6.369268097989083e-01
318	1	1.977699669201092e-01	6.910055011969287e-01
318	2	1.205505222230459e-01	6.514398065759803e-01
318	3	1.307859439212290e-01	7.067507335494128e-01
319	0	1.977699669201092e-01	6.910055011969287e-01
319	1	2.132476165051613e-01	7.450841925949492e-01
319	2	1.307859439212290e-01	7.067507335494128e-01
319	3	1.410213656194122e-01	7.620616605228451e-01
320	0	2.132476165051613e-01	7.450841925949492e-01
320	1	2.287252660902133e-01	7.991628839929700e-01
320	2	1.410213656194122e-01	7.620616605228451e-01
320	3	1.512567873175953e-01	8.173725874962774e-01
321	0	2.287252660902133e-01	7.991628839929700e-01
321	1	2.442029156752653e-01	8.532415753909904e-01
321	2	1.512567873175953e-01	8.173725874962774e-01
321	3	1.614922090157785e-01	8.726835144697098e-01
322	0	2.442029156752653e-01	8.532415753909904e-01
322	1	2.596805652603174e-01	9.073202667890108e-01
322	2	1.614922090157785e-01	8.726835144697098e-01
322	3	1.717276307139616e-01	9.279944414431420e-01
323	0	2.596805652603174e-01	9.073202667890108e-01
323	1	2.751582148453694e-01	9.613989581870315e-01
323	2	1.717276307139616e-01	9.279944414431420e-01
323	3	1.819630524121448e-01	9.833053684165745e-01
324	0	1.819630524121450e-02	9.833053684165745e-02
324	1	2.843172693939764e-02	1.536414638150897e-01
324	2	8.985443789770481e-03	9.959549086128787e-02
324	3	1.403975592151637e-02	1.556179544707623e-01
325	0	2.843172693939764e-02	1.536414638150897e-01
325	1	3.866714863758078e-02	2.089523907885221e-01
325	2	1.403975592151637e-02	1.556179544707623e-01
325	3	1.909406805326226e-02	2.116404180802367e-01
326	0	3.866714863758078e-02	2.089523907885221e-01
326	1	4.890257033576392e-02	2.642633177619543e-01
326	2	1.909406805326226e-02	2.116404180802367e-01
326	3	2.414838018500814e-02	2.676628816897111e-01
327	0	4.890257033576392e-02	2.642633177619543e-01
327	1	5.913799203394707e-02	3.195742447353866e-01
327	2	2.414838018500814e-02	2.676628816897111e-01
327	3	2.920269231675403e-02	3.236853452991855e-01
328	0	5.913799203394707e-02	3.195742447353866e-01
328	1	6.937341373213020e-02	3.748851717088190e-01
328	2	2.920269231675403e-02	3.236853452991855e-01
328	3	3.425700444849993e-02	3.797078089086600e-01
329	0	6.937341373213020e-02	3.748851717088190e-01
329	1	7.960883543031333e-02	4.301960986822513e-01
329	2	3.425700444849993e-02	3.797078089086600e-01
329	3	3.931131658024582e-02	4.357302725181344e-01
330	0	7.960883543031333e-02	4.301960986822513e-01
330	1	8.984425712849646e-02	4.855070256556836e-01
330	2	3.931131658024582e-02	4.357302725181344e-01
330	3	4.436562871199169e-02	4.917527361276089e-01
331	0	8.984425712849646e-02	4.855070256556836e-01
331	1	1.000796788266796e-01	5.408179526291159e-01
331	2	4.436562871199169e-02	4.917527361276089e-01
331	3	4.941994084373759e-02	5.477751997370833e-01
332	0	1.000796788266796e-01	5.408179526291159e-01
332	1	1.103151005248628e-01	5.961288796025481e-01
332	2	4.941994084373759e-02	5.477751997370833e-01
332	3	5.447425297548347e-02	6.037976633465576e-01
333	0	1.103151005248628e-01	5.961288796025481e-01
333	1	1.205505222230459e-01	6.514398065759803e-01
333	2	5.447425297548347e-02	6.037976633465576e-01
333	3	5.952856510722936e-02	6.598201269560322e-01
334	0	1.205505222230459e-01	6.514398065759803e-01
334	1	1.307859439212290e-01	7.067507335494128e-01
334	2	5.952856510722936e-02	6.598201269560322e-01
334	3	6.458287723897524e-02	7.158425905655065e-01
335	0	1.307859439212290e-01	7.067507335494128e-01
335	1	1.410213656194122e-01	7.620616605228451e-01
335	2	6.458287723897524e-02	7.158425905655065e-01
335	3	6.963718937072114e-02	7.718650541749811e-01
336	0	1.410213656194122e-01	7.620616605228451e-01
336	1	1.512567873175953e-01	8.173725874962774e-01
336	2	6.963718937072114e-02	7.718650541749811e-01
336	3	7.469150150246702e-02	8.278875177844555e-01
337	0	1.512567873175953e-01	8.173725874962774e-01
337	1	1.614922090157785e-01	8.726835144697098e-01
337	2	7.469150150246702e-02	8.278875177844555e-01
337	3	7.974581363421292e-02	8.839099813939298e-01
338	0	1.614922090157785e-01	8.726835144697098e-01
338	1	1.717276307139616e-01	9.279944414431420e-01
338	2	7.974581363421292e-02	8.839099813939298e-01
338	3	8.480012576595880e-02	9.399324450034042e-01
339	0	1.717276307139616e-01	9.279944414431420e-01
339	1	1.819630524121448e-01	9.833053684165745e-01
339	2	8.480012576595880e-02	9.399324450034042e-01
339	3	8.985443789770470e-02	9.959549086128787e-01
340	0	8.985443789770481e-03	9.959549086128787e-02
340	1	1.403975592151637e-02	1.556179544707623e-01
340	2	3.061616997868380e-18	1.000000000000000e-01
340	3	4.783776559169342e-18	1.562500000000000e-01
341	0	1.403975592151637e-02	1.556179544707623e-01
341	1	1.909406805326226e-02	2.116404180802367e-01
341	2	4.783776559169342e-18	1.562500000000000e-01
341	3	6.505936120470303e-18	2.125000000000000e-01
342	0	1.909406805326226e-02	2.116404180802367e-01
342	1	2.414838018500814e-02	2.676628816897111e-01
342	2	6.505936120470303e-18	2.125000000000000e-01
342	3	8.228095681771267e-18	2.687500000000000e-01
343	0	2.414838018500814e-02	2.676628816897111e-01
343	1	2.920269231675403e-02	3.236853452991855e-01
343	2	8.228095681771267e-18	2.687500000000000e-01
343	3	9.950255243072232e-18	3.250000000000000e-01
344	0	2.920269231675403e-02	3.236853452991855e-01
344	1	3.425700444849993e-02	3.797078089086600e-01
344	2	9.950255243072232e-18	3.250000000000000e-01
344	3	1.167241480437320e-17	3.812500000000000e-01
345	0	3.425700444849993e-02	3.797078089086600e-01
345	1	3.931131658024582e-02	4.357302725181344e-01
345	2	1.167241480437320e-17	3.812500000000000e-01
345	3	1.339457436567416e-17	4.374999999999999e-01
346	0	3.931131658024582e-02	4.357302725181344e-01
346	1	4.436562871199169e-02	4.917527361276089e-01
346	2	1.339457436567416e-17	4.374999999999999e-01
346	3	1.511673392697513e-17	4.937500000000000e-01
347	0	4.436562871199169e-02	4.917527361276089e-01
347	1	4.941994084373759e-02	5.477751997370833e-01
347	2	1.511673392697513e-17	4.937500000000000e-01
347	3	1.683889348827610e-17	5.500000000000000e-01
348	0	4.941994084373759e-02	5.477751997370833e-01
348	1	5.447425297548347e-02	6.037976633465576e-01
348	2	1.683889348827610e-17	5.500000000000000e-01
348	3	1.856105304957706e-17	6.062500000000000e-01
349	0	5.447425297548347e-02	6.037976633465576e-01
349	1	5.952856510722936e-02	6.598201269560322e-01
349	2	1.856105304957706e-17	6.062500000000000e-01
349	3	2.028321261087803e-17	6.625000000000000e-01
350	0	5.952856510722936e-02	6.598201269560322e-01
350	1	6.458287723897524e-02	7.158425905655065e-01
350	2	2.028321261087803e-17	6.625000000000000e-01
350	3	2.200537217217900e-17	7.187500000000000e-01
351	0	6.458287723897524e-02	7.158425905655065e-01
351	1	6.963718937072114e-02	7.718650541749811e-01
351	2	2.200537217217900e-17	7.187500000000000e-01
351	3	2.372753173347996e-17	7.749999999999999e-01
352	0	6.963718937072114e-02	7.718650541749811e-01
352	1	7.469150150246702e-02	8.278875177844555e-01
352	2	2.372753173347996e-17	7.749999999999999e-01
352	3	2.544969129478092e-17	8.312500000000000e-01
353	0	7.469150150246702e-02	8.278875177844555e-01
353	1	7.974581363421292e-02	8.839099813939298e-01
353	2	2.544969129478092e-17	8.312500000000000e-01
353	3	2.717185085608188e-17	8.874999999999998e-01
354	0	7.974581363421292e-02	8.839099813939298e-01
354	1	8.480012576595880e-02	9.399324450034042e-01
354	2	2.717185085608188e-17	8.874999999999998e-01
354	3	2.889401041738285e-17	9.437500000000001e-01
355	0	8.480012576595880e-02	9.399324450034042e-01
355	1	8.985443789770470e-02	9.959549086128787e-01
355	2	2.889401041738285e-17	9.437500000000001e-01
355	3	3.061616997868380e-17	1.000000000000000e+00
