コントロールポイント番号	rf_x	rf_y
0	5.491165308941276e-03	-3.602344268833112e-02
1	1.004715584159127e+00	1.698677157402812e+00
2	1.044357559750026e+00	1.268694646935018e+01
3	-3.798537046091948e+00	2.275599890337998e+01
4	-4.406061078501105e+00	7.545929624442850e+00
5	-6.269366443763489e-01	-2.204677938543893e+00
6	-2.083803824482791e-03	-2.989358515570227e+00
7	6.117821246764032e-16	-3.007403246090371e+00
8	-1.936409333821852e-15	-2.988293374972759e+00
9	-2.272075438115460e-16	-2.993168540884039e+00
10	-9.775453157057374e-16	-2.238628632486143e+00
11	3.270103041773235e-17	-1.492151025090609e+00
12	-1.242821156624352e-03	-7.450197084733017e-01
13	6.751650400919793e-01	-2.085949364712179e-01
14	-3.576909532396496e+00	-5.555849604099655e+00
15	5.683622229495984e+00	-2.266456297574514e+01
16	4.194249011851288e+00	-3.276084332733102e+01
17	-9.255462397126095e-02	-1.096957990575859e+01
18	-1.249170535908501e-01	-3.494332846849101e-01
19	-1.116335185558035e-03	1.950742903588248e-03
20	5.956078765378920e-16	-2.809280088175811e-16
21	6.723803361207189e-16	-1.143782002121338e-16
22	-2.356293738934120e-15	1.956353355367719e-16
23	1.001321372543669e-15	4.146326022383965e-16
24	7.301589309105682e-16	7.156366833787912e-16
25	-2.446950312216712e-03	-2.323244405685628e-04
26	8.804640687721191e+00	-8.380528830386574e-01
27	-1.694210246229390e+01	4.821724610712454e+00
28	2.827021906593003e+00	1.651310662839600e+00
29	4.717822992259801e+00	-3.670528495246725e-01
30	1.478331139857851e+00	2.320879852850130e-01
31	2.251072527045941e-01	2.031413058278130e-01
32	-2.711589382874236e-06	1.103206292997999e-03
33	-8.613384155629455e-18	5.751709705576924e-16
34	1.439621175788758e-15	1.302148983334073e-15
35	-3.901271486644802e-16	4.343477127037538e-16
36	-1.384421305133110e-15	-8.400989548091128e-16
37	-1.973711201536427e-15	1.275950215449707e-16
38	-3.658399904816028e-03	-3.695588081442336e-04
39	1.813024150800687e+01	-3.461828280154835e+00
40	-2.437316249025191e+01	5.489532876601744e+00
41	7.157591969577413e-01	5.490405076957567e+00
42	3.121861260324492e+00	3.971690971450837e+00
43	-9.866873379480573e-02	1.389858266139058e+00
44	6.129205158576322e-02	1.139141465579194e-01
45	4.162082762056524e-05	1.586636812266956e-04
46	1.020732704483357e-15	-1.001898272601294e-15
47	3.274961379309092e-16	2.278086572370634e-15
48	-2.097862540088108e-15	1.007901608381830e-15
49	-2.255990601945612e-16	-2.866514933153360e-16
50	6.437562088367712e-15	-1.056042090661086e-15
51	-4.879767846667330e-03	-4.874303800022786e-04
52	8.029567104715191e+00	-3.307527614307252e+00
53	-8.239002436574168e+00	5.541178157096345e-01
54	1.885648297815359e-01	1.328737803563108e+00
55	9.882969989105889e-01	-1.394567310064302e-01
56	-1.373468335412648e-01	-1.287056095249726e-01
57	-3.309793894387897e-03	-1.512746953842862e-03
58	3.857433299382888e-08	4.479395056725027e-08
59	1.459909385171256e-15	-3.107413516729469e-15
60	2.252003062966867e-15	5.919664533857641e-17
61	-6.153116894673783e-16	1.647946989104299e-15
62	1.682326390090932e-16	6.360826607583976e-16
63	1.697298165617878e-15	1.468749638059689e-16
64	-4.879767846663248e-03	-4.874303799989448e-04
65	6.304720141279847e-01	-4.848293046662746e-01
66	-2.593457053190829e-01	-1.078470195745447e-01
67	1.433998438754266e-01	1.537501672219214e-01
68	8.221495032177645e-02	4.172784794680244e-02
69	-1.446769813090033e-03	-2.919607561836049e-03
70	-1.091517997220232e-05	-1.154126761718523e-05
71	2.812991226756200e-16	1.840084631332355e-16
72	1.438510590293200e-16	1.848643503647460e-15
73	1.085705289388545e-15	-7.753106033940483e-16
74	9.365974688574667e-16	-2.735312962681705e-16
75	9.236635531168926e-16	-5.155807816220600e-16
76	-3.443312544459471e-15	1.676254578337966e-16
77	-4.879767846670538e-03	-4.874303799976610e-04
78	9.973022304367555e-03	-1.609413936771474e-03
79	1.526389356001266e-03	-1.081943447214090e-03
80	8.389876567031918e-04	-1.300857137806107e-04
81	1.193497525059028e-04	1.545308194402855e-05
82	3.329342251379618e-08	2.823409681687542e-08
83	-1.190932048788941e-15	-1.709737234463966e-17
84	2.874152359474475e-17	7.175944713063867e-16
85	7.163434412153865e-16	-7.897004885667448e-16
86	1.888658857019984e-15	-2.930508863901195e-15
87	-1.960082633114213e-16	-1.114395716881707e-15
88	7.851318828665326e-16	-7.628797284633987e-16
89	2.603209914900487e-16	3.111037235683247e-16
90	-4.879767846662986e-03	-4.874303799950813e-04
91	-8.761412996538043e-03	-2.877436923391114e-15
92	-9.339886258363908e-17	-2.865515864409519e-16
93	-6.400402557343451e-16	1.600599331534522e-16
94	6.301467991376346e-16	6.730826768257679e-16
95	3.125906880460733e-16	-6.173045652527226e-17
96	-3.320814470572516e-16	1.189240729599355e-15
97	-7.872372656131029e-16	2.102101750593836e-15
98	-2.201615042800714e-15	-3.739186591880570e-15
99	1.011138009200009e-15	2.718307310863421e-17
100	9.093857375595227e-16	-6.494102157452483e-15
101	1.466529409194981e-15	-1.113395012465752e-15
102	3.686607128153414e-15	-6.457325464757188e-16
103	-4.879767846665699e-03	-4.874303800004125e-04
104	3.100346899902860e-03	4.516406312302099e-16
105	-5.232228538030851e-16	-1.032250623034753e-15
106	-4.699556665570326e-16	1.425426692681043e-15
107	-5.507878386303781e-16	1.147223884003161e-15
108	-4.924059983905869e-16	-3.272394469278591e-15
109	3.039290728500822e-16	-2.280208069138374e-15
110	-5.787888086709061e-16	2.857088717694059e-15
111	-9.937794021673088e-16	2.351014218426994e-15
112	-5.679329689068431e-16	-6.385274736959831e-16
113	-3.081349599421627e-16	-1.517827512360509e-15
114	5.317942718809149e-16	1.766657365445978e-15
115	7.073644802065669e-16	1.349490340540542e-15
116	-4.879767846661043e-03	-4.874303799991111e-04
117	-6.398748194490440e-03	7.608624083471178e-16
118	-1.077503209969689e-16	4.728576363310079e-16
119	4.722336536699043e-16	-5.137326756981893e-16
120	4.113263745132130e-16	-5.015227668235031e-15
121	2.075707394457765e-16	3.045266246426771e-15
122	5.399528737901239e-16	3.441440451797101e-15
123	1.135048582762642e-15	-1.905230937357447e-16
124	-5.774713073927816e-17	1.275702464128749e-15
125	3.917980572629242e-17	5.466094427424917e-15
126	-1.066746081274112e-15	1.857308406115751e-15
127	1.195248488001203e-15	3.429548465861742e-15
128	1.702091783146741e-15	4.435915462298152e-15
129	-4.879767846667839e-03	-4.874303800002443e-04
130	-4.085706147522503e-03	2.281165222262433e-15
131	2.838655254376100e-16	2.087059238096422e-15
132	-4.243091111773230e-17	2.860061558700255e-15
133	1.361532571555710e-16	-2.346980497864176e-15
134	-6.127341694431920e-16	1.421252055438529e-15
135	7.519675030927756e-16	9.580783479082409e-16
136	9.742781805880020e-16	4.880068093740140e-16
137	6.542103462163738e-16	2.714679452413514e-15
138	-8.205275724164841e-16	-1.782326901320427e-16
139	-1.249438367923598e-15	-1.375722623353485e-15
140	-7.093356185190562e-16	-1.429068989982133e-15
141	-1.695774359963213e-15	4.299971227065928e-16
142	-3.661251865181934e-03	-3.615867618557425e-04
143	-5.232951802169790e-03	2.640264377029751e-15
144	-4.554537847289246e-16	3.992848197698952e-16
145	1.293492102351221e-18	4.208013545133518e-15
146	2.220502357088971e-15	9.544339906379128e-15
147	9.133432325500136e-16	9.135374558813300e-15
148	2.810953480241872e-16	8.293339555934053e-16
149	-2.003418341062530e-16	3.960691174191593e-15
150	4.059154002984467e-16	-4.085628375092925e-15
151	-5.942546319583185e-16	6.698637905327772e-16
152	-1.051901689390150e-15	4.490788016861629e-15
153	6.133225810632092e-16	-6.457854575799091e-15
154	2.065703294182319e-15	-3.789577972170693e-15
155	-2.438394431117590e-03	-2.562405794269546e-04
156	-2.910790981430818e-03	7.479255059522913e-01
157	-3.893198418530862e-04	1.495900840442602e+00
158	-6.198119266039466e-04	2.243866763736907e+00
159	-8.174633866681393e-04	2.991819902113318e+00
160	-8.174633866679502e-04	2.991819902113345e+00
161	-8.174633866665824e-04	2.991819902113333e+00
162	-8.174633866654466e-04	2.991819902113331e+00
163	-8.174633866667439e-04	2.991819902113328e+00
164	-8.174633866670426e-04	2.991819902113336e+00
165	-8.174633866658745e-04	2.991819902113326e+00
166	-6.063831533956611e-04	2.243863089433087e+00
167	-4.296061614798829e-04	1.495911863354068e+00
168	-1.515979367258560e-03	7.477986047294646e-01
169	-7.859832461042937e-17	-3.457358557054973e-01
170	1.953805073625559e-16	-5.201751269851573e-01
171	2.232519180424443e-16	-6.075383060935562e-01
172	7.790190140038627e-17	-6.831991896023523e-01
173	-5.230638032047107e-16	-6.222009346997686e-01
174	-2.578696252011355e-16	-5.982139869291370e-01
175	8.520069753563032e-16	-5.866112909399337e-01
176	-4.000902289887258e-16	-5.799277016497213e-01
177	-5.689569317158429e-16	-5.757247254039970e-01
178	1.067985792884770e-17	-5.728029442074034e-01
179	-8.570601665040838e-16	-5.703265339648820e-01
180	-2.384684333583832e-17	-5.678507061544453e-01
181	2.130190470099243e-16	-5.643935084369410e-01
182	-3.060687487987890e-16	-5.592380002758544e-01
183	3.335976760993977e-16	-5.513590761659299e-01
184	-4.017344059661301e-16	-5.403547955269284e-01
185	2.745676356766128e-16	-3.974668292116694e-01
186	3.218725199566341e-17	-2.605846352923601e-01
187	1.864070059081609e-02	-1.298226883761497e-01
188	-1.237098534694827e-16	5.267629449778805e-18
189	-1.266218369368572e-16	1.454071744087951e-16
190	-9.601180578391497e-17	2.346878405578614e-16
191	-6.866980393095032e-17	-2.474714245456088e-16
192	-1.184983856541883e-16	-4.485954309197198e-16
193	2.388865770871367e-16	-6.795652550971942e-16
194	-1.875275726779230e-16	3.573324258122847e-16
195	-4.184906172830969e-16	-2.063014075416989e-15
196	4.309017731262097e-16	-2.557125398922691e-15
197	-2.364741284052732e-16	-6.842179797795018e-16
198	-1.009939134759485e-16	2.522501848249960e-15
199	3.265882131943857e-16	-2.213908733077333e-15
200	1.139864486631008e-16	-2.505809129145464e-15
201	-6.874967359576630e-16	-9.983383859604640e-16
202	3.096364433008180e-16	3.632347765886745e-18
203	-3.080946936171243e-16	1.093409883843302e-16
204	7.179832425753714e-17	-3.866408942684342e-17
205	7.197831875882868e-17	-1.191311606248179e-16
206	2.312021070825569e-02	1.454102810022995e-02
207	4.092643998270453e-17	2.223481398847834e-16
208	1.046506493180279e-16	4.066510294913806e-16
209	1.653533788067512e-16	-2.672934297391440e-16
210	-2.507316524984342e-16	2.137807599993065e-16
211	1.916816617200454e-16	-8.961233414183674e-17
212	6.879226057601328e-18	-1.174597974880424e-15
213	1.607900599409514e-16	-3.870208431391982e-17
214	-4.781699014289171e-16	-3.053527050093727e-15
215	3.247604130294390e-16	5.380886291330627e-16
216	3.176986617114620e-17	1.398721996680513e-15
217	2.295689270152814e-16	1.014763621221243e-16
218	-2.286339399534943e-16	-4.108187331302243e-15
219	-1.650979841042885e-16	-2.224984552180748e-15
220	-1.187473521293157e-17	-9.449600293623971e-16
221	-7.039852124849938e-17	3.198039079215324e-16
222	-1.913199439099821e-17	-5.128057254973844e-16
223	-9.137865550362277e-17	-2.237001308204398e-16
224	1.197111664354503e-17	-2.269773012933667e-17
225	2.512142520872811e-02	4.976524234197132e-02
226	-1.464969728717149e-16	1.917994522392730e-17
227	1.049567938258174e-16	-4.484282328249563e-16
228	-1.516007856118273e-16	-3.445704223980322e-16
229	-3.433536560020850e-18	-3.974916791446986e-16
230	2.676249065497954e-16	4.110819358696624e-16
231	5.497658671165314e-16	-2.803605224061992e-15
232	-7.509767111181433e-16	-3.193362976340954e-15
233	-7.171081107162990e-16	-4.676034462087184e-15
234	8.600791691515443e-16	1.050311233244038e-15
235	2.507383613467924e-16	-4.137961501719477e-17
236	3.090906008378905e-16	-3.437776090212497e-15
237	-7.593449574041105e-18	-1.590926164612066e-15
238	5.707823888400058e-16	1.298346299693016e-15
239	1.855681458987389e-16	4.618769763437544e-16
240	2.963084204076216e-16	1.805451912422359e-15
241	2.154878039440358e-16	-4.321997987987031e-16
242	-2.125216252572880e-16	9.409186085235590e-18
243	2.016785447412489e-17	6.106064640387199e-17
244	1.624051045705669e-02	1.097567533066850e-01
245	7.922772302979851e-17	-1.350104508910473e-17
246	1.073362235255793e-16	-9.319753643851830e-17
247	2.262447228459296e-16	-8.749245638239784e-16
248	6.251200567797477e-16	-1.117699976666665e-15
249	3.992459369044312e-16	-1.252879970838759e-15
250	-7.042579918355954e-16	1.828099738176654e-15
251	1.224847849202212e-16	5.663742252756783e-16
252	1.609755711579022e-15	-4.278494347898705e-16
253	1.055598358410276e-16	-1.688002416858800e-16
254	-7.819120523468728e-16	9.680639220263023e-16
255	-7.395737732568324e-17	2.059215691202262e-15
256	-6.976854256193053e-16	-5.598900726727512e-16
257	-3.599365738079025e-17	-2.956441021451032e-16
258	2.796816556186890e-16	-3.370566144454519e-16
259	-1.416315908589666e-16	-9.623785065516862e-16
260	-5.578448655062865e-17	2.574408494614750e-16
261	-1.819350537736984e-16	-8.970184955977570e-17
262	6.105519362927404e-18	-1.972000201600419e-16
263	-9.655600585984454e-03	2.057487120249343e-01
264	1.705102469113528e-17	1.175577985796542e-16
265	-1.076415590507298e-16	4.189231013768411e-16
266	2.932083933512099e-16	-3.284611229561044e-16
267	5.202572935372428e-16	-7.717251836587255e-16
268	-1.356957871925452e-16	-1.033574543344291e-15
269	-4.928911272570437e-16	1.327717348110667e-15
270	1.401960095484001e-16	-2.005344428714866e-15
271	-6.984255026657904e-16	2.695200760158015e-15
272	6.368911284775432e-16	2.402420328755839e-16
273	-1.343150308339523e-15	2.067782362090557e-15
274	3.916544540039952e-16	-2.895534803075928e-15
275	2.769614214060982e-16	-8.522606495489412e-16
276	3.142233989560191e-16	1.413361487137952e-15
277	-2.715136029641864e-17	4.067911472697022e-16
278	2.571852081040933e-16	-9.315159983173981e-16
279	2.146603503618806e-16	6.741570601575872e-16
280	3.856848058292209e-17	-4.038876762146138e-17
281	-8.670991577747547e-17	1.191272430974368e-16
282	-2.881806714772018e-02	3.598702295888273e-01
283	-1.212932056052396e-16	3.017914400374885e-16
284	-2.373615984903625e-16	7.296507843476998e-17
285	1.707451449054171e-16	5.105026748636511e-16
286	-4.537357150870154e-17	5.982207323542910e-16
287	1.246807207517896e-15	2.549321981240542e-15
288	-2.505639734756927e-16	1.845960773176036e-15
289	8.021714631520017e-16	1.121279705567395e-15
290	-3.579535783783201e-17	6.050151237796265e-16
291	-1.472175060598287e-15	-5.896241457165866e-16
292	1.208935696808005e-16	1.398602286210460e-15
293	-1.670314408760573e-17	3.343997607307125e-16
294	-2.756425480679820e-16	-9.773820344339589e-16
295	1.044943699815007e-16	6.121860647834609e-16
296	-3.525044492687276e-16	-1.730537082843427e-16
297	-1.567594009286777e-16	1.016168399618267e-15
298	-6.469504557767786e-17	-3.503463983298936e-16
299	-6.727043022865047e-17	-1.907613885469944e-16
300	2.012677337618306e-17	-2.604223972157028e-17
301	-2.372993167968201e-02	5.187411478125894e-01
302	-8.747555415245455e-17	2.917342935999381e-17
303	2.663508006658703e-17	3.009673745871223e-17
304	2.725527808687500e-16	-1.220209818556306e-16
305	2.279890292093028e-16	2.408597256553097e-16
306	-5.583656780654894e-17	3.272498099292912e-16
307	-1.998894808757014e-16	-1.187050348538924e-15
308	1.073291702392141e-15	-2.299530169848363e-16
309	-1.942751335022921e-16	-4.114783069057614e-16
310	-3.884887856681829e-16	-1.122258823955632e-15
311	-6.226257105997966e-17	-6.321743698828614e-16
312	6.161740368300311e-17	-6.444419861082536e-16
313	5.974844084976637e-16	2.022131911724138e-16
314	2.229510892040662e-16	-1.993563141414054e-16
315	-7.713386006572772e-18	6.382740845575390e-16
316	2.760193134242987e-16	8.337732339749111e-16
317	-1.364299259094128e-17	-3.163902491320167e-16
318	7.628524306760038e-17	3.677583957481555e-17
319	-2.788220704124343e-17	2.345377056223218e-16
320	-1.045001423292189e-02	6.220068223060731e-01
321	-1.912209303906595e-16	1.489376147639863e-16
322	-1.313999001614819e-16	-1.882189331290270e-16
323	-1.596251745715175e-16	-4.437050580746063e-16
324	8.186824343908018e-16	-2.364402847241009e-16
325	6.344362677641323e-16	1.663177456695350e-16
326	7.521260851967306e-16	-2.146859614866475e-15
327	-4.026615112374504e-16	6.612275516870157e-16
328	8.677199183605773e-16	-5.658795922332302e-16
329	6.193992392673840e-16	-7.969157890470137e-17
330	-2.740587785655982e-16	3.591069797181978e-17
331	-4.425853245657037e-16	-6.036629928145708e-16
332	2.209093987959758e-16	-2.867037769461631e-16
333	-1.887812583676563e-16	1.409176045779265e-15
334	-2.891545985107934e-17	-2.362778852333178e-16
335	-2.559207893840206e-16	3.934814758695337e-16
336	2.193522031687039e-16	-1.938987141078043e-17
337	2.382902203973360e-16	-1.438867353792226e-16
338	-4.746751460589418e-17	-1.528987114022618e-16
339	-9.289133222234538e-03	6.691941381255900e-01
340	1.660183517827245e-16	-1.410530879838084e-17
341	-2.859471395111701e-17	3.151985025197562e-16
342	-2.858340870824912e-16	4.869891191402227e-17
343	4.464543888822314e-16	-1.186891111695665e-15
344	-4.790659233207692e-16	7.552704352786999e-16
345	-1.850337426586741e-16	-3.545351574066203e-16
346	-6.295557879991449e-16	-4.564620213222902e-16
347	1.958154827692088e-16	3.777681528016176e-16
348	1.979083903396721e-16	5.325727028625611e-16
349	-5.679843567398408e-16	4.365919537815396e-16
350	-9.150714717571686e-16	-6.221276395620782e-17
351	-2.315358911676046e-16	-4.960789389076613e-17
352	-3.301212688361798e-16	-1.479358902921646e-17
353	1.551211155451863e-16	3.579164689170036e-16
354	1.200459040437752e-16	-1.913767777579612e-16
355	-1.050986941783591e-16	1.317339559144881e-17
356	-6.399797137649269e-17	1.244867117222904e-18
357	7.036726209315100e-18	-1.947216513872125e-16
358	-1.680180110509445e-02	7.253924080072783e-01
359	3.015152742094591e-17	1.156775823057355e-16
360	-8.136733818073023e-17	-7.648410986000344e-16
361	-2.000441681997421e-16	-3.049464185631484e-16
362	1.540747554381591e-16	-4.395787494797661e-16
363	-2.371199848237000e-16	6.388435356986516e-17
364	-1.180883191373213e-16	2.420576554426490e-16
365	-2.217636373135460e-16	2.362726247265135e-16
366	1.503420453522429e-15	2.792871130071729e-16
367	1.930140414027901e-15	4.319434092047586e-16
368	-1.903992269545325e-16	3.375245045060516e-16
369	-9.959090907114502e-16	-4.200331529951677e-17
370	-3.279686652952698e-16	-8.692683169220347e-17
371	3.576071827449358e-16	2.049833548856576e-17
372	-1.088936573808676e-16	-2.315477171620271e-17
373	-8.092891053579089e-17	1.192220029826310e-16
374	-8.650545017173732e-17	-9.003849305039304e-17
375	1.183674942484191e-16	-6.298136971238747e-17
376	1.461968279049082e-17	-9.388396720336417e-17
377	-5.640252607720915e-03	7.909419549297112e-01
378	-2.087896510312448e-16	-3.671428575671303e-17
379	1.473011570360583e-16	5.777796128323733e-16
380	-3.516934067431303e-17	-1.126596949045358e-16
381	-5.525971189968916e-16	5.869726797846059e-16
382	4.112823706242755e-16	2.205643180695727e-16
383	4.586304602020518e-16	1.786066564190264e-16
384	-1.357274527003695e-16	4.473673961007817e-16
385	1.712653548635438e-16	6.548178020156337e-16
386	-2.900139370104304e-16	-8.897982087047345e-16
387	8.722998168209848e-16	4.099294118873024e-16
388	6.642311024972362e-17	2.020783699349519e-16
389	-3.341071018970834e-16	-2.177902924051453e-16
390	7.904045901712968e-16	-1.643846175469633e-16
391	3.017805307659798e-16	-1.395325156230609e-16
392	7.906737055253751e-16	-2.794390434416296e-16
393	9.827034634587466e-17	6.541648448720336e-17
394	-5.831837723713619e-17	-2.766015867760970e-16
395	1.032880446211366e-16	-5.873326456261319e-18
396	2.487248306124005e-02	8.390598870303787e-01
397	-7.311753836821631e-18	3.785116808456183e-16
398	1.451126753632594e-17	3.326225426537610e-16
399	-2.174349192771754e-16	1.498621561889980e-16
400	1.030389270201113e-15	1.847182890602709e-16
401	2.233675107427843e-16	-4.142501151639229e-17
402	-4.210503107314397e-16	2.229718466811527e-16
403	-1.591405683281114e-16	-2.149007658574258e-16
404	1.218703315865694e-16	-3.987620546508563e-16
405	-1.379736940378782e-15	-1.913541811223308e-16
406	2.091590409414895e-16	6.525159089177702e-17
407	-1.436427299198190e-17	-7.746827311939951e-16
408	1.461856944054150e-15	-5.697850737190629e-16
409	-3.139048710374717e-16	1.831244703215710e-16
410	2.197371589637156e-17	5.572528885310341e-17
411	-1.909905539726186e-16	8.060228917193759e-17
412	-4.142555447774637e-16	1.481009335685078e-16
413	-6.674439629862595e-17	-1.849012043363054e-16
414	-4.427525918592953e-17	1.661624532628761e-17
415	2.034964253225553e-02	8.640681117353005e-01
416	-4.490971995064751e-17	1.846553662582546e-16
417	1.211828514397189e-16	3.147476692335801e-16
418	2.079799470906738e-16	1.957109263126014e-16
419	-9.206664837837594e-16	1.447983665828240e-16
420	8.003996612533684e-16	1.521306750306869e-16
421	5.387844770389897e-16	-2.431062019948305e-16
422	-9.397822315203464e-16	-2.553032510285755e-16
423	-1.653019285862408e-15	1.833569635981970e-17
424	-1.396773011919189e-15	-1.051342279963180e-16
425	-1.748641134303737e-15	7.996816229867387e-16
426	-4.231250730611909e-16	-6.461531926326204e-16
427	-2.560781976669876e-16	-2.125085649025964e-16
428	5.448055350575209e-16	2.067661302656946e-16
429	-3.244864049020374e-16	-1.139473024440093e-16
430	-5.738193144233889e-16	-2.917319336536505e-16
431	-2.885663233755774e-16	4.517953629893592e-16
432	9.193939131470511e-17	4.473502602272121e-16
433	-4.840242722142611e-17	1.293080497278415e-17
434	-2.390372534477954e-02	8.799858622435074e-01
435	6.432671611297841e-17	5.220087368149412e-17
436	7.001174979204306e-17	-5.676960470732385e-16
437	-9.440664236651143e-17	-4.222339586251178e-16
438	-7.541132892178722e-16	-3.283795726412295e-16
439	-1.473951648512245e-15	-1.183814841473241e-16
440	-1.061848669638974e-15	9.154246013645220e-16
441	2.237566964292559e-15	7.120829053633878e-17
442	5.705604988814594e-16	3.087849477141589e-16
443	-6.302236008929562e-16	-1.081411953830008e-15
444	-8.588478128922541e-16	-2.326304906901972e-16
445	1.647562833929647e-15	-4.592517658998980e-17
446	1.276805502005114e-15	2.686294426472932e-16
447	-2.355080811250751e-17	-1.000031822577322e-15
448	-1.013645558823973e-15	-1.500757693783352e-17
449	4.823478120319101e-16	-3.188322496684442e-16
450	-3.426817868213449e-17	-3.312914781468313e-16
451	6.655074339105994e-17	-1.352410920068842e-16
452	-1.032376461607750e-16	1.772818782779569e-17
453	-6.455225674636024e-02	9.001016764188865e-01
454	2.806476276254513e-16	-1.332278195955333e-16
455	8.004446844873146e-17	3.980720531541012e-16
456	-4.430576798506475e-17	8.111466174885670e-17
457	-8.751453964001327e-16	-2.072824635901817e-16
458	7.565164213257223e-16	1.579197543823306e-16
459	1.003158217902764e-15	3.675169722554857e-16
460	5.245549388893321e-15	-1.380900835897366e-16
461	-1.623512596006018e-16	-2.100524280562955e-16
462	-2.019336211329797e-15	1.382859188065537e-16
463	-1.191423030009930e-15	3.435703345321330e-16
464	1.331827706388550e-15	-5.405933231162946e-16
465	2.365318097657059e-15	9.467705219362489e-17
466	-3.158114977407832e-15	-4.868972766822749e-16
467	3.894937154519535e-16	-5.465071193000145e-16
468	-2.156396735807175e-16	9.533319740762807e-17
469	3.083879806362674e-16	1.706344702074090e-16
470	-4.543589946445984e-17	9.910634222221566e-17
471	-3.408629986340755e-17	-8.211984423630442e-19
472	-6.154250528359372e-02	9.112037004971520e-01
473	-4.967567655982694e-17	-2.379709948553395e-17
474	4.502706379234428e-17	9.800930220662334e-17
475	-5.437723914355258e-16	7.348572241456407e-16
476	4.504251850403697e-16	2.600385159283067e-16
477	7.841450241357130e-16	-1.868363288592854e-16
478	1.204196954337581e-15	6.201468608214411e-16
479	-7.122037647226879e-17	3.718716530872907e-16
480	1.199237935427793e-15	1.007324265262358e-15
481	-2.446748165195864e-15	7.030367175638037e-17
482	6.148092107189253e-15	1.713243962239333e-16
483	2.726944018410397e-16	-6.884639366378277e-16
484	1.485258811473127e-15	-2.904275798426758e-17
485	3.164617562076349e-16	3.222257740546698e-16
486	-1.982523854742392e-15	3.344305882464151e-16
487	-1.833943724278094e-16	-7.259945860696210e-17
488	3.449146483883685e-16	-6.513133454714344e-17
489	1.167033524397502e-16	-1.149914988533493e-16
490	3.803516746350710e-17	-1.820985311325185e-16
491	-2.660537540698329e-02	6.865142011800447e-01
492	-1.688257366072804e-16	-1.838194903231024e-16
493	-2.888230413602250e-16	5.197542924513748e-16
494	1.954437999143060e-16	-8.180481944833074e-16
495	-2.427105147721417e-16	-1.013251516449932e-15
496	6.276315086411761e-16	-2.848074302108598e-16
497	5.318111976506090e-16	-1.258506121148932e-15
498	9.218951220309543e-16	-9.663800284887742e-16
499	-1.627318215957304e-15	1.020074975644996e-15
500	1.358010575473802e-15	-3.675663144837533e-16
501	8.714011355434633e-16	-5.691591608319999e-16
502	9.603003469394605e-16	3.470167707508556e-16
503	3.903844887277226e-16	-7.208955800760481e-17
504	2.034177045522870e-15	1.622447008886983e-16
505	4.792619353474422e-16	-1.972952087962120e-16
506	6.653988548746732e-16	-1.027033007199556e-16
507	7.629013997682670e-17	-1.093104488761147e-16
508	3.624352337347481e-16	-2.752213333536563e-16
509	-5.551115123125783e-17	-8.098990228466718e-17
510	-1.013848472234259e-02	4.566003223335840e-01
511	9.020276476770064e-02	-1.903283032480413e-17
512	7.452481036498985e-02	-4.575734449747590e-16
513	2.503009152770049e-02	-1.418609641860979e-15
514	-1.141965176722417e-02	-6.817292398161523e-16
515	-1.975367961530130e-02	-1.242084508112055e-15
516	-1.742625776017700e-02	2.876933799882516e-15
517	-1.360421318942132e-02	-4.223508437951649e-16
518	-1.093507895969828e-02	1.466676366102607e-15
519	-8.521410128461806e-03	-8.575151784999193e-16
520	-6.828928420026575e-03	1.389458312285411e-15
521	-5.101541056465276e-03	8.778789490477662e-16
522	-3.472391055728590e-03	2.901925612870372e-17
523	-9.611015565332367e-04	-4.549157202840711e-16
524	2.810368517501898e-03	5.435512595880108e-16
525	8.758145346961503e-03	-4.345156993730597e-16
526	1.746512158841453e-02	2.613448160952627e-16
527	1.944958200864862e-02	1.950682996208764e-16
528	1.680116035465775e-02	5.946848916082992e-17
529	5.764384559510293e-03	2.300346376389658e-01
