patches, points, x, y, theta_deg, K, J
0 0 2.699999999917272e+00 -5.417372959680455e-16 -1.149602246842578e-14 -nan -4.666394955980704e-09
0 0 2.699974786034705e+00 3.478873274799532e-03 7.382463230112510e-02 6.110543661085906e-02 1.649429946066690e-08
0 1 2.699772700177188e+00 1.044488401664168e-02 2.216648778856506e-01 9.274934558734881e-02 3.800107479253460e-08
0 2 2.699367610719261e+00 1.742075828880888e-02 3.697614452190668e-01 2.832241449870417e-02 3.543518632830735e-09
0 3 2.698758634522460e+00 2.440509826711457e-02 5.181163652872196e-01 -nan -1.030747899923032e-08
0 4 2.697944967531781e+00 3.139649391759025e-02 6.667316854122184e-01 5.290982219948295e-02 1.236649926948844e-08
0 5 2.696925885934634e+00 3.839352387972716e-02 8.156094693454563e-01 1.119074538326641e-01 5.532127758840757e-08
0 6 2.695700747246739e+00 4.539475636939299e-02 9.647517973606713e-01 1.433510961763686e-01 9.077707992824994e-08
0 7 2.694268991322606e+00 5.239875010031661e-02 1.114160766347216e+00 1.462573993764167e-01 9.449522550408213e-08
0 8 2.692630141288400e+00 5.940405522296206e-02 1.263838489903203e+00 1.132216594894084e-01 5.662825825998716e-08
0 9 2.690783804395110e+00 6.640921427959759e-02 1.413787098428868e+00 -nan -1.141860574749408e-08
0 10 2.688729672789558e+00 7.341276317460722e-02 1.564008739226854e+00 -nan -7.678364869747647e-08
0 11 2.686467524200414e+00 8.041323215939904e-02 1.714505576624158e+00 -nan -1.098458130455589e-07
0 12 2.683997222546310e+00 8.740914682516311e-02 1.865279791994962e+00 -nan -1.025419671564146e-07
0 13 2.681318718450135e+00 9.439902911100224e-02 2.016333583881569e+00 -nan -6.187937262668898e-08
0 14 2.678432049666888e+00 1.013813983206428e-01 2.167669168094609e+00 -nan -1.032832661530523e-08
0 15 2.675337341422918e+00 1.083547721469235e-01 2.319288777806090e+00 4.287316649530525e-02 8.119799266281987e-09
0 16 2.672034806664935e+00 1.153176677029222e-01 2.471194663642390e+00 -nan -9.034547408446669e-08
0 17 2.668524746218035e+00 1.222686025582396e-01 2.623389093777047e+00 -nan -4.833174986815220e-07
0 18 2.664807548851977e+00 1.292060957789423e-01 2.775874354023447e+00 -nan -1.627721814367860e-06
0 19 2.660883691255265e+00 1.361286689696481e-01 2.928652747927297e+00 -nan -5.118863270493094e-06
0 20 2.656753737916560e+00 1.430348473163831e-01 3.081726596862307e+00 -nan -2.090281131482529e-05
0 21 2.652418340913070e+00 1.499231606289734e-01 3.235098240135830e+00 -nan -2.520745912566632e-01
0 22 2.647878239607934e+00 1.567921443788723e-01 3.388770035046880e+00 7.039713883736034e+00 2.189193695341162e-04
0 23 2.643134260253531e+00 1.636403407351084e-01 3.542744356990945e+00 -nan -1.456737112726575e-05
0 24 2.638187315503135e+00 1.704662995942612e-01 3.697023599554520e+00 -nan -5.432580383855307e-06
0 25 2.633038403831227e+00 1.772685796032356e-01 3.851610174605902e+00 -nan -2.783719750404499e-06
0 26 2.627688608863157e+00 1.840457491734759e-01 4.006506512385582e+00 -nan -1.770855990287869e-06
0 27 2.622139098615050e+00 1.907963874851170e-01 4.161715061596223e+00 -nan -1.340412926432711e-06
0 28 2.616391124645111e+00 1.975190854795985e-01 4.317238289492187e+00 -nan -1.132614767079029e-06
0 29 2.610446021117626e+00 2.042124468392845e-01 4.473078681968573e+00 -nan -9.782389689603398e-07
0 30 2.604305203781522e+00 2.108750889523223e-01 4.629238743641600e+00 -nan -7.743223086766848e-07
0 31 2.597970168866100e+00 2.175056438606806e-01 4.785720997903771e+00 -nan -4.806137248276148e-07
0 32 2.591442491887962e+00 2.241027591956787e-01 4.942527987092119e+00 -nan -9.205785189097246e-08
0 33 2.584723826383826e+00 2.306650990903196e-01 5.099662272542987e+00 -nan -7.961009248507815e-05
0 34 2.577815902563553e+00 2.371913450728203e-01 5.257126434669990e+00 -nan -8.322581988970870e-07
0 35 2.570720525886616e+00 2.436801969394333e-01 5.414923073049327e+00 -nan -2.202776113072431e-07
0 36 2.563439575564807e+00 2.501303736050238e-01 5.573054806504343e+00 -nan -1.381501169994082e-08
0 37 2.555975002993684e+00 2.565406139302485e-01 5.731524273189226e+00 1.438055843344463e-01 9.135360164102968e-08
0 38 2.548328830115473e+00 2.629096775242535e-01 5.890334130671926e+00 1.828855078031288e-01 1.477517920272405e-07
0 39 2.540503147716075e+00 2.692363455218297e-01 6.049487056016140e+00 1.751876874026048e-01 1.355755363781564e-07
0 40 2.532500113659053e+00 2.755194213341653e-01 6.208985745865054e+00 -nan -6.761121046219714e-08
0 41 2.524321951059152e+00 2.817577313724644e-01 6.368832916532432e+00 -nan -6.209061161552312e-07
0 42 2.515970946400891e+00 2.879501257417604e-01 6.529031304054405e+00 -nan -1.413484866228761e-06
0 43 2.507449447601418e+00 2.940954789071084e-01 6.689583664278229e+00 -nan -2.024183511063211e-06
0 44 2.498759862023299e+00 3.001926903295893e-01 6.850492772941616e+00 -nan -1.980961885427600e-06
0 45 2.489904654440197e+00 3.062406850716717e-01 7.011761425748348e+00 -nan -1.415260904195214e-06
0 46 2.480886344958683e+00 3.122384143714211e-01 7.173392438442563e+00 -nan -2.451379883016075e-06
0 47 2.471707506899613e+00 3.181848561850147e-01 7.335388646881746e+00 -nan -1.221441354932732e-05
0 48 2.462370764642482e+00 3.240790156970746e-01 7.497752907108280e+00 -nan -5.017149326992237e-05
0 49 2.452878791436285e+00 3.299199257984223e-01 7.660488095419636e+00 -nan -1.697593502598747e-04
1 0 2.440158416933951e+00 3.375220528357275e-01 7.875166963687388e+00 -nan -1.634046697623896e-04
1 1 2.423936062373970e+00 3.468672403708746e-01 8.143784376917084e+00 -nan -2.418738242185765e-04
1 2 2.407197846382470e+00 3.561288215792865e-01 8.415484476880010e+00 -nan -1.453168725059090e-02
1 3 2.389946580176361e+00 3.653003446796940e-01 8.690328136063531e+00 -nan -2.651059604634509e-05
1 4 2.372185718123815e+00 3.743753501081558e-01 8.968377923648795e+00 -nan -1.027421950740917e-05
1 5 2.353919364760795e+00 3.833473828714760e-01 9.249698163914474e+00 -nan -8.321806340692208e-06
1 6 2.335152280086539e+00 3.922100051972805e-01 9.534354996909750e+00 -nan -4.757583660060867e-06
1 7 2.315889883066848e+00 4.009568094374087e-01 9.822416441488103e+00 -nan -1.564379661669857e-06
1 8 2.296138253281731e+00 4.095814311784933e-01 1.011395246079621e+01 5.039385075267171e-02 1.121835716626758e-08
1 9 2.275904130662000e+00 4.180775625110458e-01 1.040903503031623e+01 1.414803234437530e+01 8.842320654753182e-04
1 10 2.255194913268422e+00 4.264389654062498e-01 1.070773820856716e+01 -nan -4.551459826249426e-05
1 11 2.234018653076301e+00 4.346594851478239e-01 1.101013821058015e+01 9.112191719033066e-01 3.667920121903760e-06
1 12 2.212384049740985e+00 4.427330637613720e-01 1.131631348417306e+01 -nan -8.109799152644551e-04
1 13 2.190300442324571e+00 4.506537533899940e-01 1.162634478926864e+01 -nan -1.836757461249967e-05
1 14 2.167777798980838e+00 4.584157295562681e-01 1.194031528029080e+01 1.281031973467638e+00 7.249267254913673e-06
1 15 2.144826704604272e+00 4.660133042533520e-01 1.225831059176514e+01 -nan -8.224569773155926e-06
1 16 2.121458346460719e+00 4.734409388075877e-01 1.258041892724868e+01 -nan -3.590884540995003e-06
1 17 2.097684497828940e+00 4.806932564550466e-01 1.290673115171166e+01 -nan -1.067825876624144e-06
1 18 2.073517499694012e+00 4.877650545750710e-01 1.323734088749658e+01 -nan -4.063752931148498e-06
1 19 2.048970240545052e+00 4.946513165249492e-01 1.357234461398256e+01 -nan -2.190541380171670e-05
1 20 2.024056134341457e+00 5.013472230209743e-01 1.391184177107308e+01 -nan -9.563791039709604e-04
1 21 1.998789096723078e+00 5.078481630126580e-01 1.425593486661418e+01 -nan -3.179035858112283e-02
1 22 1.973183519545527e+00 5.141497440059718e-01 1.460472958806838e+01 -nan -3.210298336472409e-02
1 23 1.947254243843770e+00 5.202478017781308e-01 1.495833491826446e+01 -nan -3.400394131594769e-05
1 24 1.921016531324937e+00 5.261384094455055e-01 1.531686325554140e+01 -nan -2.942562392129799e-04
1 25 1.894486034505099e+00 5.318178858429007e-01 1.568043053839699e+01 6.282028186046954e-01 1.743307237794293e-06
1 26 1.867678765612622e+00 5.372828031764955e-01 1.604915637475873e+01 1.616538202586000e+00 1.154372884457368e-05
1 27 1.840611064387699e+00 5.425299939171093e-01 1.642316417600306e+01 -nan -2.089032345181507e-03
1 28 1.813299564913958e+00 5.475565569047055e-01 1.680258129584428e+01 -nan -1.112300270430940e-06
1 29 1.785761161623371e+00 5.523598626394813e-01 1.718753917420847e+01 -nan -1.595091293321891e-07
1 30 1.758012974619653e+00 5.569375577399750e-01 1.757817348621619e+01 2.847641007165869e-01 3.582157266106944e-07
1 31 1.730072314468134e+00 5.612875685537329e-01 1.797462429640571e+01 -nan -1.256591129199007e-05
1 32 1.701956646609526e+00 5.654081039031384e-01 1.837703621801184e+01 9.896799564034821e-01 4.326769119695079e-06
1 33 1.673683555538888e+00 5.692976569724215e-01 1.878555857781041e+01 5.812539924189355e+00 1.492471579464496e-04
1 34 1.645270708908196e+00 5.729550063281768e-01 1.920034558632246e+01 -nan -9.268784780093916e-04
1 35 1.616735821702529e+00 5.763792160783867e-01 1.962155651344052e+01 2.612310992376060e+00 3.014559968936312e-05
1 36 1.588096620638082e+00 5.795696351792771e-01 2.004935586950220e+01 -nan -3.350237029650392e-02
1 37 1.559370808927346e+00 5.825258959035271e-01 2.048391359179200e+01 -nan -1.330714197808129e-03
1 38 1.530576031552586e+00 5.852479114877865e-01 2.092540523641817e+01 -nan -8.497629480444088e-06
1 39 1.501729841183624e+00 5.877358729816915e-01 2.137401217547301e+01 -nan -3.869735600742792e-06
1 40 1.472849664870076e+00 5.899902453244223e-01 2.182992179933246e+01 -nan -1.034376717713982e-06
1 41 1.443952771631613e+00 5.920117626784379e-01 2.229332772389069e+01 -nan -6.324787870883296e-04
1 42 1.415056241058879e+00 5.938014230560053e-01 2.276443000259973e+01 -nan -3.465165197861528e-04
1 43 1.386176933037675e+00 5.953604822711841e-01 2.324343534280381e+01 1.270886313605420e+00 7.134894854950066e-06
1 44 1.357331458692253e+00 5.966904472587828e-01 2.373055732608546e+01 -nan -1.660101920660876e-05
1 45 1.328536152637850e+00 5.977930688016505e-01 2.422601663212444e+01 1.332494856657436e+00 7.843416088091529e-06
1 46 1.299807046622954e+00 5.986703337098762e-01 2.473004126547416e+01 9.878435884846283e-01 4.310727229768304e-06
1 47 1.271159844631932e+00 5.993244564973057e-01 2.524286678455110e+01 1.507937050835042e+00 1.004478386332906e-05
1 48 1.242609899508670e+00 5.997578706020951e-01 2.576473653200186e+01 1.272098530952239e+00 7.148512388011017e-06
1 49 1.214172191151984e+00 5.999732191990339e-01 2.629590186546481e+01 1.118473052337311e+00 5.526182483554928e-06
1 1 1.199999999999998e+00 5.999999999310306e-01 2.656505117444359e+01 1.067029721931262e+00 5.029527713646034e-06
