3

1000  3.000000e-01

1

605

2    2    2

14   14   8

11   11   5

0    1    2    3    4    5    6    7    8    9    10   11   12   13   14   15   16   17   18   19   20   21   22   23   24   25   26   27   28   29   30   31   32   33   34   35   36   37   38   39   40   41   42   43   44   45   46   47   48   49   50   51   52   53   54   55   56   57   58   59   60   61   62   63   64   65   66   67   68   69   70   71   72   73   74   75   76   77   78   79   80   81   82   83   84   85   86   87   88   89   90   91   92   93   94   95   96   97   98   99   100  101  102  103  104  105  106  107  108  109  110  111  112  113  114  115  116  117  118  119  120  121  122  123  124  125  126  127  128  129  130  131  132  133  134  135  136  137  138  139  140  141  142  143  144  145  146  147  148  149  150  151  152  153  154  155  156  157  158  159  160  161  162  163  164  165  166  167  168  169  170  171  172  173  174  175  176  177  178  179  180  181  182  183  184  185  186  187  188  189  190  191  192  193  194  195  196  197  198  199  200  201  202  203  204  205  206  207  208  209  210  211  212  213  214  215  216  217  218  219  220  221  222  223  224  225  226  227  228  229  230  231  232  233  234  235  236  237  238  239  240  241  242  243  244  245  246  247  248  249  250  251  252  253  254  255  256  257  258  259  260  261  262  263  264  265  266  267  268  269  270  271  272  273  274  275  276  277  278  279  280  281  282  283  284  285  286  287  288  289  290  291  292  293  294  295  296  297  298  299  300  301  302  303  304  305  306  307  308  309  310  311  312  313  314  315  316  317  318  319  320  321  322  323  324  325  326  327  328  329  330  331  332  333  334  335  336  337  338  339  340  341  342  343  344  345  346  347  348  349  350  351  352  353  354  355  356  357  358  359  360  361  362  363  364  365  366  367  368  369  370  371  372  373  374  375  376  377  378  379  380  381  382  383  384  385  386  387  388  389  390  391  392  393  394  395  396  397  398  399  400  401  402  403  404  405  406  407  408  409  410  411  412  413  414  415  416  417  418  419  420  421  422  423  424  425  426  427  428  429  430  431  432  433  434  435  436  437  438  439  440  441  442  443  444  445  446  447  448  449  450  451  452  453  454  455  456  457  458  459  460  461  462  463  464  465  466  467  468  469  470  471  472  473  474  475  476  477  478  479  480  481  482  483  484  485  486  487  488  489  490  491  492  493  494  495  496  497  498  499  500  501  502  503  504  505  506  507  508  509  510  511  512  513  514  515  516  517  518  519  520  521  522  523  524  525  526  527  528  529  530  531  532  533  534  535  536  537  538  539  540  541  542  543  544  545  546  547  548  549  550  551  552  553  554  555  556  557  558  559  560  561  562  563  564  565  566  567  568  569  570  571  572  573  574  575  576  577  578  579  580  581  582  583  584  585  586  587  588  589  590  591  592  593  594  595  596  597  598  599  600  601  602  603  604

58   0    1

0.0000000000000000e+00  0.0000000000000000e+00  0.0000000000000000e+00  1.1111111111111110e-01  2.2222222222222221e-01  3.3333333333333331e-01  4.4444444444444442e-01  5.5555555555555558e-01  6.6666666666666663e-01  7.7777777777777779e-01  8.8888888888888884e-01  1.0000000000000000e+00  1.0000000000000000e+00  1.0000000000000000e+00
0.0000000000000000e+00  0.0000000000000000e+00  0.0000000000000000e+00  1.1111111111111110e-01  2.2222222222222221e-01  3.3333333333333331e-01  4.4444444444444442e-01  5.5555555555555558e-01  6.6666666666666663e-01  7.7777777777777779e-01  8.8888888888888884e-01  1.0000000000000000e+00  1.0000000000000000e+00  1.0000000000000000e+00
0.0000000000000000e+00  0.0000000000000000e+00  0.0000000000000000e+00  3.3333333333333331e-01  6.6666666666666663e-01  1.0000000000000000e+00  1.0000000000000000e+00  1.0000000000000000e+00

0     0.0000000000000000e+00  0.0000000000000000e+00  0.0000000000000000e+00  1.0000000000000000e+00
1     5.5555555555555552e-02  0.0000000000000000e+00  0.0000000000000000e+00  1.0000000000000000e+00
2     1.6666666666666669e-01  0.0000000000000000e+00  0.0000000000000000e+00  9.9999999999999989e-01
3     2.7777777777777779e-01  0.0000000000000000e+00  0.0000000000000000e+00  1.0000000000000000e+00
4     3.8888888888888890e-01  0.0000000000000000e+00  0.0000000000000000e+00  1.0000000000000000e+00
5     5.0000000000000000e-01  0.0000000000000000e+00  0.0000000000000000e+00  1.0000000000000000e+00
6     6.1111111111111116e-01  0.0000000000000000e+00  0.0000000000000000e+00  1.0000000000000000e+00
7     7.2222222222222221e-01  0.0000000000000000e+00  0.0000000000000000e+00  1.0000000000000000e+00
8     8.3333333333333326e-01  0.0000000000000000e+00  0.0000000000000000e+00  1.0000000000000000e+00
9     9.4444444444444442e-01  0.0000000000000000e+00  0.0000000000000000e+00  1.0000000000000000e+00
10    1.0000000000000000e+00  0.0000000000000000e+00  0.0000000000000000e+00  1.0000000000000000e+00
11    0.0000000000000000e+00  5.5555555555555552e-02  0.0000000000000000e+00  1.0000000000000000e+00
12    5.5555555555555552e-02  5.5555555555555552e-02  0.0000000000000000e+00  1.0000000000000000e+00
13    1.6666666666666669e-01  5.5555555555555559e-02  0.0000000000000000e+00  9.9999999999999978e-01
14    2.7777777777777779e-01  5.5555555555555552e-02  0.0000000000000000e+00  1.0000000000000000e+00
15    3.8888888888888884e-01  5.5555555555555552e-02  0.0000000000000000e+00  1.0000000000000000e+00
16    5.0000000000000000e-01  5.5555555555555552e-02  0.0000000000000000e+00  1.0000000000000000e+00
17    6.1111111111111105e-01  5.5555555555555552e-02  0.0000000000000000e+00  1.0000000000000000e+00
18    7.2222222222222221e-01  5.5555555555555552e-02  0.0000000000000000e+00  1.0000000000000000e+00
19    8.3333333333333315e-01  5.5555555555555552e-02  0.0000000000000000e+00  1.0000000000000000e+00
20    9.4444444444444442e-01  5.5555555555555552e-02  0.0000000000000000e+00  1.0000000000000000e+00
21    1.0000000000000000e+00  5.5555555555555552e-02  0.0000000000000000e+00  1.0000000000000000e+00
22    0.0000000000000000e+00  1.6666666666666669e-01  0.0000000000000000e+00  9.9999999999999989e-01
23    5.5555555555555559e-02  1.6666666666666669e-01  0.0000000000000000e+00  9.9999999999999989e-01
24    1.6666666666666669e-01  1.6666666666666666e-01  0.0000000000000000e+00  9.9999999999999978e-01
25    2.7777777777777785e-01  1.6666666666666669e-01  0.0000000000000000e+00  9.9999999999999989e-01
26    3.8888888888888895e-01  1.6666666666666669e-01  0.0000000000000000e+00  9.9999999999999989e-01
27    5.0000000000000000e-01  1.6666666666666669e-01  0.0000000000000000e+00  9.9999999999999989e-01
28    6.1111111111111116e-01  1.6666666666666669e-01  0.0000000000000000e+00  9.9999999999999989e-01
29    7.2222222222222232e-01  1.6666666666666669e-01  0.0000000000000000e+00  9.9999999999999989e-01
30    8.3333333333333337e-01  1.6666666666666669e-01  0.0000000000000000e+00  9.9999999999999989e-01
31    9.4444444444444453e-01  1.6666666666666669e-01  0.0000000000000000e+00  9.9999999999999989e-01
32    1.0000000000000000e+00  1.6666666666666669e-01  0.0000000000000000e+00  9.9999999999999989e-01
33    0.0000000000000000e+00  2.7777777777777779e-01  0.0000000000000000e+00  1.0000000000000000e+00
34    5.5555555555555559e-02  2.7777777777777779e-01  0.0000000000000000e+00  1.0000000000000000e+00
35    1.6666666666666671e-01  2.7777777777777779e-01  0.0000000000000000e+00  9.9999999999999989e-01
36    2.7777777777777785e-01  2.7777777777777779e-01  0.0000000000000000e+00  1.0000000000000000e+00
37    3.8888888888888895e-01  2.7777777777777779e-01  0.0000000000000000e+00  1.0000000000000000e+00
38    5.0000000000000000e-01  2.7777777777777779e-01  0.0000000000000000e+00  1.0000000000000000e+00
39    6.1111111111111127e-01  2.7777777777777779e-01  0.0000000000000000e+00  1.0000000000000000e+00
40    7.2222222222222221e-01  2.7777777777777779e-01  0.0000000000000000e+00  1.0000000000000000e+00
41    8.3333333333333337e-01  2.7777777777777779e-01  0.0000000000000000e+00  1.0000000000000000e+00
42    9.4444444444444453e-01  2.7777777777777779e-01  0.0000000000000000e+00  1.0000000000000000e+00
43    1.0000000000000000e+00  2.7777777777777779e-01  0.0000000000000000e+00  1.0000000000000000e+00
44    0.0000000000000000e+00  3.8888888888888890e-01  0.0000000000000000e+00  1.0000000000000000e+00
45    5.5555555555555552e-02  3.8888888888888890e-01  0.0000000000000000e+00  1.0000000000000000e+00
46    1.6666666666666666e-01  3.8888888888888884e-01  0.0000000000000000e+00  1.0000000000000000e+00
47    2.7777777777777779e-01  3.8888888888888890e-01  0.0000000000000000e+00  1.0000000000000000e+00
48    3.8888888888888890e-01  3.8888888888888890e-01  0.0000000000000000e+00  1.0000000000000000e+00
49    5.0000000000000000e-01  3.8888888888888890e-01  0.0000000000000000e+00  1.0000000000000000e+00
50    6.1111111111111127e-01  3.8888888888888890e-01  0.0000000000000000e+00  1.0000000000000000e+00
51    7.2222222222222221e-01  3.8888888888888890e-01  0.0000000000000000e+00  1.0000000000000000e+00
52    8.3333333333333337e-01  3.8888888888888890e-01  0.0000000000000000e+00  1.0000000000000000e+00
53    9.4444444444444453e-01  3.8888888888888890e-01  0.0000000000000000e+00  1.0000000000000000e+00
54    1.0000000000000000e+00  3.8888888888888890e-01  0.0000000000000000e+00  1.0000000000000000e+00
55    0.0000000000000000e+00  5.0000000000000000e-01  0.0000000000000000e+00  1.0000000000000000e+00
56    5.5555555555555552e-02  5.0000000000000000e-01  0.0000000000000000e+00  1.0000000000000000e+00
57    1.6666666666666666e-01  4.9999999999999994e-01  0.0000000000000000e+00  9.9999999999999989e-01
58    2.7777777777777779e-01  5.0000000000000000e-01  0.0000000000000000e+00  1.0000000000000000e+00
59    3.8888888888888884e-01  5.0000000000000000e-01  0.0000000000000000e+00  1.0000000000000000e+00
60    5.0000000000000000e-01  5.0000000000000000e-01  0.0000000000000000e+00  1.0000000000000000e+00
61    6.1111111111111116e-01  5.0000000000000000e-01  0.0000000000000000e+00  1.0000000000000000e+00
62    7.2222222222222210e-01  5.0000000000000000e-01  0.0000000000000000e+00  1.0000000000000000e+00
63    8.3333333333333326e-01  5.0000000000000000e-01  0.0000000000000000e+00  1.0000000000000000e+00
64    9.4444444444444442e-01  5.0000000000000000e-01  0.0000000000000000e+00  1.0000000000000000e+00
65    1.0000000000000000e+00  5.0000000000000000e-01  0.0000000000000000e+00  1.0000000000000000e+00
66    0.0000000000000000e+00  6.1111111111111116e-01  0.0000000000000000e+00  1.0000000000000000e+00
67    5.5555555555555552e-02  6.1111111111111116e-01  0.0000000000000000e+00  1.0000000000000000e+00
68    1.6666666666666669e-01  6.1111111111111116e-01  0.0000000000000000e+00  9.9999999999999978e-01
69    2.7777777777777779e-01  6.1111111111111116e-01  0.0000000000000000e+00  1.0000000000000000e+00
70    3.8888888888888890e-01  6.1111111111111116e-01  0.0000000000000000e+00  1.0000000000000000e+00
71    5.0000000000000000e-01  6.1111111111111116e-01  0.0000000000000000e+00  1.0000000000000000e+00
72    6.1111111111111116e-01  6.1111111111111116e-01  0.0000000000000000e+00  1.0000000000000000e+00
73    7.2222222222222232e-01  6.1111111111111116e-01  0.0000000000000000e+00  1.0000000000000000e+00
74    8.3333333333333326e-01  6.1111111111111116e-01  0.0000000000000000e+00  1.0000000000000000e+00
75    9.4444444444444442e-01  6.1111111111111116e-01  0.0000000000000000e+00  1.0000000000000000e+00
76    1.0000000000000000e+00  6.1111111111111116e-01  0.0000000000000000e+00  1.0000000000000000e+00
77    0.0000000000000000e+00  7.2222222222222221e-01  0.0000000000000000e+00  1.0000000000000000e+00
78    5.5555555555555552e-02  7.2222222222222221e-01  0.0000000000000000e+00  1.0000000000000000e+00
79    1.6666666666666669e-01  7.2222222222222221e-01  0.0000000000000000e+00  9.9999999999999978e-01
80    2.7777777777777779e-01  7.2222222222222221e-01  0.0000000000000000e+00  1.0000000000000000e+00
81    3.8888888888888895e-01  7.2222222222222221e-01  0.0000000000000000e+00  1.0000000000000000e+00
82    5.0000000000000000e-01  7.2222222222222221e-01  0.0000000000000000e+00  1.0000000000000000e+00
83    6.1111111111111116e-01  7.2222222222222221e-01  0.0000000000000000e+00  1.0000000000000000e+00
84    7.2222222222222221e-01  7.2222222222222221e-01  0.0000000000000000e+00  1.0000000000000000e+00
85    8.3333333333333326e-01  7.2222222222222221e-01  0.0000000000000000e+00  1.0000000000000000e+00
86    9.4444444444444442e-01  7.2222222222222221e-01  0.0000000000000000e+00  1.0000000000000000e+00
87    1.0000000000000000e+00  7.2222222222222221e-01  0.0000000000000000e+00  1.0000000000000000e+00
88    0.0000000000000000e+00  8.3333333333333326e-01  0.0000000000000000e+00  1.0000000000000000e+00
89    5.5555555555555552e-02  8.3333333333333326e-01  0.0000000000000000e+00  1.0000000000000000e+00
90    1.6666666666666669e-01  8.3333333333333337e-01  0.0000000000000000e+00  9.9999999999999978e-01
91    2.7777777777777779e-01  8.3333333333333326e-01  0.0000000000000000e+00  1.0000000000000000e+00
92    3.8888888888888895e-01  8.3333333333333326e-01  0.0000000000000000e+00  1.0000000000000000e+00
93    5.0000000000000000e-01  8.3333333333333326e-01  0.0000000000000000e+00  1.0000000000000000e+00
94    6.1111111111111116e-01  8.3333333333333326e-01  0.0000000000000000e+00  1.0000000000000000e+00
95    7.2222222222222221e-01  8.3333333333333326e-01  0.0000000000000000e+00  1.0000000000000000e+00
96    8.3333333333333326e-01  8.3333333333333326e-01  0.0000000000000000e+00  1.0000000000000000e+00
97    9.4444444444444442e-01  8.3333333333333326e-01  0.0000000000000000e+00  1.0000000000000000e+00
98    1.0000000000000000e+00  8.3333333333333326e-01  0.0000000000000000e+00  1.0000000000000000e+00
99    0.0000000000000000e+00  9.4444444444444442e-01  0.0000000000000000e+00  1.0000000000000000e+00
100   5.5555555555555552e-02  9.4444444444444442e-01  0.0000000000000000e+00  1.0000000000000000e+00
101   1.6666666666666669e-01  9.4444444444444442e-01  0.0000000000000000e+00  9.9999999999999989e-01
102   2.7777777777777779e-01  9.4444444444444442e-01  0.0000000000000000e+00  1.0000000000000000e+00
103   3.8888888888888890e-01  9.4444444444444442e-01  0.0000000000000000e+00  1.0000000000000000e+00
104   5.0000000000000000e-01  9.4444444444444442e-01  0.0000000000000000e+00  1.0000000000000000e+00
105   6.1111111111111116e-01  9.4444444444444442e-01  0.0000000000000000e+00  1.0000000000000000e+00
106   7.2222222222222221e-01  9.4444444444444442e-01  0.0000000000000000e+00  1.0000000000000000e+00
107   8.3333333333333326e-01  9.4444444444444442e-01  0.0000000000000000e+00  1.0000000000000000e+00
108   9.4444444444444442e-01  9.4444444444444442e-01  0.0000000000000000e+00  1.0000000000000000e+00
109   1.0000000000000000e+00  9.4444444444444442e-01  0.0000000000000000e+00  1.0000000000000000e+00
110   0.0000000000000000e+00  1.0000000000000000e+00  0.0000000000000000e+00  1.0000000000000000e+00
111   5.5555555555555552e-02  1.0000000000000000e+00  0.0000000000000000e+00  1.0000000000000000e+00
112   1.6666666666666669e-01  1.0000000000000000e+00  0.0000000000000000e+00  9.9999999999999989e-01
113   2.7777777777777779e-01  1.0000000000000000e+00  0.0000000000000000e+00  1.0000000000000000e+00
114   3.8888888888888890e-01  1.0000000000000000e+00  0.0000000000000000e+00  1.0000000000000000e+00
115   5.0000000000000000e-01  1.0000000000000000e+00  0.0000000000000000e+00  1.0000000000000000e+00
116   6.1111111111111116e-01  1.0000000000000000e+00  0.0000000000000000e+00  1.0000000000000000e+00
117   7.2222222222222221e-01  1.0000000000000000e+00  0.0000000000000000e+00  1.0000000000000000e+00
118   8.3333333333333326e-01  1.0000000000000000e+00  0.0000000000000000e+00  1.0000000000000000e+00
119   9.4444444444444442e-01  1.0000000000000000e+00  0.0000000000000000e+00  1.0000000000000000e+00
120   1.0000000000000000e+00  1.0000000000000000e+00  0.0000000000000000e+00  1.0000000000000000e+00
121   0.0000000000000000e+00  0.0000000000000000e+00  1.6666666666666666e-01  1.0000000000000000e+00
122   5.5555555555555559e-02  0.0000000000000000e+00  1.6666666666666666e-01  1.0000000000000000e+00
123   1.6666666666666671e-01  0.0000000000000000e+00  1.6666666666666666e-01  9.9999999999999989e-01
124   2.7777777777777779e-01  0.0000000000000000e+00  1.6666666666666666e-01  1.0000000000000000e+00
125   3.8888888888888895e-01  0.0000000000000000e+00  1.6666666666666666e-01  1.0000000000000000e+00
126   5.0000000000000000e-01  0.0000000000000000e+00  1.6666666666666666e-01  1.0000000000000000e+00
127   6.1111111111111116e-01  0.0000000000000000e+00  1.6666666666666666e-01  1.0000000000000000e+00
128   7.2222222222222221e-01  0.0000000000000000e+00  1.6666666666666666e-01  1.0000000000000000e+00
129   8.3333333333333326e-01  0.0000000000000000e+00  1.6666666666666666e-01  1.0000000000000000e+00
130   9.4444444444444442e-01  0.0000000000000000e+00  1.6666666666666666e-01  1.0000000000000000e+00
131   1.0000000000000000e+00  0.0000000000000000e+00  1.6666666666666666e-01  1.0000000000000000e+00
132   0.0000000000000000e+00  5.5555555555555559e-02  1.6666666666666666e-01  1.0000000000000000e+00
133   5.5555555555555559e-02  5.5555555555555559e-02  1.6666666666666666e-01  1.0000000000000000e+00
134   1.6666666666666671e-01  5.5555555555555559e-02  1.6666666666666666e-01  9.9999999999999989e-01
135   2.7777777777777779e-01  5.5555555555555559e-02  1.6666666666666666e-01  1.0000000000000000e+00
136   3.8888888888888884e-01  5.5555555555555559e-02  1.6666666666666666e-01  1.0000000000000000e+00
137   5.0000000000000000e-01  5.5555555555555559e-02  1.6666666666666666e-01  1.0000000000000000e+00
138   6.1111111111111105e-01  5.5555555555555559e-02  1.6666666666666666e-01  1.0000000000000000e+00
139   7.2222222222222221e-01  5.5555555555555559e-02  1.6666666666666666e-01  1.0000000000000000e+00
140   8.3333333333333315e-01  5.5555555555555559e-02  1.6666666666666666e-01  1.0000000000000000e+00
141   9.4444444444444442e-01  5.5555555555555559e-02  1.6666666666666666e-01  1.0000000000000000e+00
142   1.0000000000000000e+00  5.5555555555555559e-02  1.6666666666666666e-01  1.0000000000000000e+00
143   0.0000000000000000e+00  1.6666666666666671e-01  1.6666666666666666e-01  9.9999999999999989e-01
144   5.5555555555555566e-02  1.6666666666666671e-01  1.6666666666666666e-01  9.9999999999999989e-01
145   1.6666666666666671e-01  1.6666666666666666e-01  1.6666666666666666e-01  9.9999999999999989e-01
146   2.7777777777777785e-01  1.6666666666666671e-01  1.6666666666666666e-01  9.9999999999999989e-01
147   3.8888888888888901e-01  1.6666666666666671e-01  1.6666666666666666e-01  9.9999999999999989e-01
148   5.0000000000000000e-01  1.6666666666666671e-01  1.6666666666666666e-01  9.9999999999999989e-01
149   6.1111111111111116e-01  1.6666666666666671e-01  1.6666666666666666e-01  9.9999999999999989e-01
150   7.2222222222222232e-01  1.6666666666666671e-01  1.6666666666666666e-01  9.9999999999999989e-01
151   8.3333333333333337e-01  1.6666666666666671e-01  1.6666666666666666e-01  9.9999999999999989e-01
152   9.4444444444444453e-01  1.6666666666666671e-01  1.6666666666666666e-01  9.9999999999999989e-01
153   1.0000000000000000e+00  1.6666666666666671e-01  1.6666666666666666e-01  9.9999999999999989e-01
154   0.0000000000000000e+00  2.7777777777777779e-01  1.6666666666666666e-01  1.0000000000000000e+00
155   5.5555555555555559e-02  2.7777777777777779e-01  1.6666666666666666e-01  1.0000000000000000e+00
156   1.6666666666666671e-01  2.7777777777777779e-01  1.6666666666666666e-01  9.9999999999999989e-01
157   2.7777777777777790e-01  2.7777777777777779e-01  1.6666666666666666e-01  1.0000000000000000e+00
158   3.8888888888888901e-01  2.7777777777777779e-01  1.6666666666666666e-01  1.0000000000000000e+00
159   5.0000000000000000e-01  2.7777777777777779e-01  1.6666666666666666e-01  1.0000000000000000e+00
160   6.1111111111111127e-01  2.7777777777777779e-01  1.6666666666666666e-01  1.0000000000000000e+00
161   7.2222222222222221e-01  2.7777777777777779e-01  1.6666666666666666e-01  1.0000000000000000e+00
162   8.3333333333333348e-01  2.7777777777777779e-01  1.6666666666666666e-01  1.0000000000000000e+00
163   9.4444444444444464e-01  2.7777777777777779e-01  1.6666666666666666e-01  1.0000000000000000e+00
164   1.0000000000000000e+00  2.7777777777777779e-01  1.6666666666666666e-01  1.0000000000000000e+00
165   0.0000000000000000e+00  3.8888888888888895e-01  1.6666666666666666e-01  1.0000000000000000e+00
166   5.5555555555555559e-02  3.8888888888888895e-01  1.6666666666666666e-01  1.0000000000000000e+00
167   1.6666666666666669e-01  3.8888888888888884e-01  1.6666666666666666e-01  1.0000000000000000e+00
168   2.7777777777777779e-01  3.8888888888888895e-01  1.6666666666666666e-01  1.0000000000000000e+00
169   3.8888888888888895e-01  3.8888888888888895e-01  1.6666666666666666e-01  1.0000000000000000e+00
170   5.0000000000000000e-01  3.8888888888888895e-01  1.6666666666666666e-01  1.0000000000000000e+00
171   6.1111111111111127e-01  3.8888888888888895e-01  1.6666666666666666e-01  1.0000000000000000e+00
172   7.2222222222222221e-01  3.8888888888888895e-01  1.6666666666666666e-01  1.0000000000000000e+00
173   8.3333333333333348e-01  3.8888888888888895e-01  1.6666666666666666e-01  1.0000000000000000e+00
174   9.4444444444444464e-01  3.8888888888888895e-01  1.6666666666666666e-01  1.0000000000000000e+00
175   1.0000000000000000e+00  3.8888888888888895e-01  1.6666666666666666e-01  1.0000000000000000e+00
176   0.0000000000000000e+00  5.0000000000000000e-01  1.6666666666666666e-01  1.0000000000000000e+00
177   5.5555555555555559e-02  5.0000000000000000e-01  1.6666666666666666e-01  1.0000000000000000e+00
178   1.6666666666666666e-01  5.0000000000000000e-01  1.6666666666666666e-01  9.9999999999999989e-01
179   2.7777777777777779e-01  5.0000000000000000e-01  1.6666666666666666e-01  1.0000000000000000e+00
180   3.8888888888888884e-01  5.0000000000000000e-01  1.6666666666666666e-01  1.0000000000000000e+00
181   5.0000000000000000e-01  5.0000000000000000e-01  1.6666666666666666e-01  1.0000000000000000e+00
182   6.1111111111111116e-01  5.0000000000000000e-01  1.6666666666666666e-01  1.0000000000000000e+00
183   7.2222222222222210e-01  5.0000000000000000e-01  1.6666666666666666e-01  1.0000000000000000e+00
184   8.3333333333333326e-01  5.0000000000000000e-01  1.6666666666666666e-01  1.0000000000000000e+00
185   9.4444444444444442e-01  5.0000000000000000e-01  1.6666666666666666e-01  1.0000000000000000e+00
186   1.0000000000000000e+00  5.0000000000000000e-01  1.6666666666666666e-01  1.0000000000000000e+00
187   0.0000000000000000e+00  6.1111111111111116e-01  1.6666666666666666e-01  1.0000000000000000e+00
188   5.5555555555555559e-02  6.1111111111111116e-01  1.6666666666666666e-01  1.0000000000000000e+00
189   1.6666666666666671e-01  6.1111111111111116e-01  1.6666666666666666e-01  9.9999999999999989e-01
190   2.7777777777777779e-01  6.1111111111111116e-01  1.6666666666666666e-01  1.0000000000000000e+00
191   3.8888888888888895e-01  6.1111111111111116e-01  1.6666666666666666e-01  1.0000000000000000e+00
192   5.0000000000000000e-01  6.1111111111111116e-01  1.6666666666666666e-01  1.0000000000000000e+00
193   6.1111111111111116e-01  6.1111111111111116e-01  1.6666666666666666e-01  1.0000000000000000e+00
194   7.2222222222222232e-01  6.1111111111111116e-01  1.6666666666666666e-01  1.0000000000000000e+00
195   8.3333333333333326e-01  6.1111111111111116e-01  1.6666666666666666e-01  1.0000000000000000e+00
196   9.4444444444444442e-01  6.1111111111111116e-01  1.6666666666666666e-01  1.0000000000000000e+00
197   1.0000000000000000e+00  6.1111111111111116e-01  1.6666666666666666e-01  1.0000000000000000e+00
198   0.0000000000000000e+00  7.2222222222222221e-01  1.6666666666666666e-01  1.0000000000000000e+00
199   5.5555555555555559e-02  7.2222222222222221e-01  1.6666666666666666e-01  1.0000000000000000e+00
200   1.6666666666666671e-01  7.2222222222222221e-01  1.6666666666666666e-01  9.9999999999999989e-01
201   2.7777777777777779e-01  7.2222222222222221e-01  1.6666666666666666e-01  1.0000000000000000e+00
202   3.8888888888888901e-01  7.2222222222222221e-01  1.6666666666666666e-01  1.0000000000000000e+00
203   5.0000000000000000e-01  7.2222222222222221e-01  1.6666666666666666e-01  1.0000000000000000e+00
204   6.1111111111111116e-01  7.2222222222222221e-01  1.6666666666666666e-01  1.0000000000000000e+00
205   7.2222222222222221e-01  7.2222222222222221e-01  1.6666666666666666e-01  1.0000000000000000e+00
206   8.3333333333333326e-01  7.2222222222222221e-01  1.6666666666666666e-01  1.0000000000000000e+00
207   9.4444444444444442e-01  7.2222222222222221e-01  1.6666666666666666e-01  1.0000000000000000e+00
208   1.0000000000000000e+00  7.2222222222222221e-01  1.6666666666666666e-01  1.0000000000000000e+00
209   0.0000000000000000e+00  8.3333333333333326e-01  1.6666666666666666e-01  1.0000000000000000e+00
210   5.5555555555555559e-02  8.3333333333333326e-01  1.6666666666666666e-01  1.0000000000000000e+00
211   1.6666666666666671e-01  8.3333333333333326e-01  1.6666666666666666e-01  9.9999999999999989e-01
212   2.7777777777777779e-01  8.3333333333333326e-01  1.6666666666666666e-01  1.0000000000000000e+00
213   3.8888888888888901e-01  8.3333333333333326e-01  1.6666666666666666e-01  1.0000000000000000e+00
214   5.0000000000000000e-01  8.3333333333333326e-01  1.6666666666666666e-01  1.0000000000000000e+00
215   6.1111111111111116e-01  8.3333333333333326e-01  1.6666666666666666e-01  1.0000000000000000e+00
216   7.2222222222222221e-01  8.3333333333333326e-01  1.6666666666666666e-01  1.0000000000000000e+00
217   8.3333333333333326e-01  8.3333333333333326e-01  1.6666666666666666e-01  1.0000000000000000e+00
218   9.4444444444444442e-01  8.3333333333333326e-01  1.6666666666666666e-01  1.0000000000000000e+00
219   1.0000000000000000e+00  8.3333333333333326e-01  1.6666666666666666e-01  1.0000000000000000e+00
220   0.0000000000000000e+00  9.4444444444444442e-01  1.6666666666666666e-01  1.0000000000000000e+00
221   5.5555555555555559e-02  9.4444444444444442e-01  1.6666666666666666e-01  1.0000000000000000e+00
222   1.6666666666666671e-01  9.4444444444444453e-01  1.6666666666666666e-01  9.9999999999999989e-01
223   2.7777777777777779e-01  9.4444444444444442e-01  1.6666666666666666e-01  1.0000000000000000e+00
224   3.8888888888888895e-01  9.4444444444444442e-01  1.6666666666666666e-01  1.0000000000000000e+00
225   5.0000000000000000e-01  9.4444444444444442e-01  1.6666666666666666e-01  1.0000000000000000e+00
226   6.1111111111111116e-01  9.4444444444444442e-01  1.6666666666666666e-01  1.0000000000000000e+00
227   7.2222222222222221e-01  9.4444444444444442e-01  1.6666666666666666e-01  1.0000000000000000e+00
228   8.3333333333333326e-01  9.4444444444444442e-01  1.6666666666666666e-01  1.0000000000000000e+00
229   9.4444444444444442e-01  9.4444444444444442e-01  1.6666666666666666e-01  1.0000000000000000e+00
230   1.0000000000000000e+00  9.4444444444444442e-01  1.6666666666666666e-01  1.0000000000000000e+00
231   0.0000000000000000e+00  1.0000000000000000e+00  1.6666666666666666e-01  1.0000000000000000e+00
232   5.5555555555555559e-02  1.0000000000000000e+00  1.6666666666666666e-01  1.0000000000000000e+00
233   1.6666666666666671e-01  1.0000000000000000e+00  1.6666666666666666e-01  9.9999999999999989e-01
234   2.7777777777777779e-01  1.0000000000000000e+00  1.6666666666666666e-01  1.0000000000000000e+00
235   3.8888888888888895e-01  1.0000000000000000e+00  1.6666666666666666e-01  1.0000000000000000e+00
236   5.0000000000000000e-01  1.0000000000000000e+00  1.6666666666666666e-01  1.0000000000000000e+00
237   6.1111111111111116e-01  1.0000000000000000e+00  1.6666666666666666e-01  1.0000000000000000e+00
238   7.2222222222222221e-01  1.0000000000000000e+00  1.6666666666666666e-01  1.0000000000000000e+00
239   8.3333333333333326e-01  1.0000000000000000e+00  1.6666666666666666e-01  1.0000000000000000e+00
240   9.4444444444444442e-01  1.0000000000000000e+00  1.6666666666666666e-01  1.0000000000000000e+00
241   1.0000000000000000e+00  1.0000000000000000e+00  1.6666666666666666e-01  1.0000000000000000e+00
242   0.0000000000000000e+00  0.0000000000000000e+00  5.0000000000000000e-01  1.0000000000000000e+00
243   5.5555555555555552e-02  0.0000000000000000e+00  5.0000000000000000e-01  1.0000000000000000e+00
244   1.6666666666666669e-01  0.0000000000000000e+00  4.9999999999999994e-01  9.9999999999999989e-01
245   2.7777777777777779e-01  0.0000000000000000e+00  5.0000000000000000e-01  1.0000000000000000e+00
246   3.8888888888888890e-01  0.0000000000000000e+00  5.0000000000000000e-01  1.0000000000000000e+00
247   5.0000000000000000e-01  0.0000000000000000e+00  5.0000000000000000e-01  1.0000000000000000e+00
248   6.1111111111111116e-01  0.0000000000000000e+00  5.0000000000000000e-01  1.0000000000000000e+00
249   7.2222222222222232e-01  0.0000000000000000e+00  5.0000000000000000e-01  1.0000000000000000e+00
250   8.3333333333333326e-01  0.0000000000000000e+00  5.0000000000000000e-01  1.0000000000000000e+00
251   9.4444444444444442e-01  0.0000000000000000e+00  5.0000000000000000e-01  1.0000000000000000e+00
252   1.0000000000000000e+00  0.0000000000000000e+00  5.0000000000000000e-01  1.0000000000000000e+00
253   0.0000000000000000e+00  5.5555555555555552e-02  5.0000000000000000e-01  1.0000000000000000e+00
254   5.5555555555555552e-02  5.5555555555555552e-02  5.0000000000000000e-01  1.0000000000000000e+00
255   1.6666666666666669e-01  5.5555555555555566e-02  5.0000000000000000e-01  9.9999999999999978e-01
256   2.7777777777777779e-01  5.5555555555555552e-02  5.0000000000000000e-01  1.0000000000000000e+00
257   3.8888888888888890e-01  5.5555555555555552e-02  5.0000000000000000e-01  1.0000000000000000e+00
258   5.0000000000000000e-01  5.5555555555555552e-02  5.0000000000000000e-01  1.0000000000000000e+00
259   6.1111111111111116e-01  5.5555555555555552e-02  5.0000000000000000e-01  1.0000000000000000e+00
260   7.2222222222222232e-01  5.5555555555555552e-02  5.0000000000000000e-01  1.0000000000000000e+00
261   8.3333333333333315e-01  5.5555555555555552e-02  5.0000000000000000e-01  1.0000000000000000e+00
262   9.4444444444444442e-01  5.5555555555555552e-02  5.0000000000000000e-01  1.0000000000000000e+00
263   1.0000000000000000e+00  5.5555555555555552e-02  5.0000000000000000e-01  1.0000000000000000e+00
264   0.0000000000000000e+00  1.6666666666666669e-01  4.9999999999999994e-01  9.9999999999999989e-01
265   5.5555555555555559e-02  1.6666666666666669e-01  4.9999999999999994e-01  9.9999999999999989e-01
266   1.6666666666666669e-01  1.6666666666666666e-01  5.0000000000000000e-01  9.9999999999999978e-01
267   2.7777777777777785e-01  1.6666666666666669e-01  4.9999999999999994e-01  9.9999999999999989e-01
268   3.8888888888888895e-01  1.6666666666666669e-01  4.9999999999999994e-01  9.9999999999999989e-01
269   5.0000000000000000e-01  1.6666666666666669e-01  4.9999999999999994e-01  9.9999999999999989e-01
270   6.1111111111111127e-01  1.6666666666666669e-01  4.9999999999999994e-01  9.9999999999999989e-01
271   7.2222222222222243e-01  1.6666666666666669e-01  4.9999999999999994e-01  9.9999999999999989e-01
272   8.3333333333333337e-01  1.6666666666666669e-01  4.9999999999999994e-01  9.9999999999999989e-01
273   9.4444444444444453e-01  1.6666666666666669e-01  4.9999999999999994e-01  9.9999999999999989e-01
274   1.0000000000000000e+00  1.6666666666666669e-01  4.9999999999999994e-01  9.9999999999999989e-01
275   0.0000000000000000e+00  2.7777777777777779e-01  5.0000000000000000e-01  1.0000000000000000e+00
276   5.5555555555555566e-02  2.7777777777777779e-01  5.0000000000000000e-01  1.0000000000000000e+00
277   1.6666666666666671e-01  2.7777777777777779e-01  4.9999999999999994e-01  9.9999999999999989e-01
278   2.7777777777777785e-01  2.7777777777777779e-01  5.0000000000000000e-01  1.0000000000000000e+00
279   3.8888888888888895e-01  2.7777777777777779e-01  5.0000000000000000e-01  1.0000000000000000e+00
280   5.0000000000000000e-01  2.7777777777777779e-01  5.0000000000000000e-01  1.0000000000000000e+00
281   6.1111111111111138e-01  2.7777777777777779e-01  5.0000000000000000e-01  1.0000000000000000e+00
282   7.2222222222222232e-01  2.7777777777777779e-01  5.0000000000000000e-01  1.0000000000000000e+00
283   8.3333333333333348e-01  2.7777777777777779e-01  5.0000000000000000e-01  1.0000000000000000e+00
284   9.4444444444444464e-01  2.7777777777777779e-01  5.0000000000000000e-01  1.0000000000000000e+00
285   1.0000000000000000e+00  2.7777777777777779e-01  5.0000000000000000e-01  1.0000000000000000e+00
286   0.0000000000000000e+00  3.8888888888888890e-01  5.0000000000000000e-01  1.0000000000000000e+00
287   5.5555555555555552e-02  3.8888888888888890e-01  5.0000000000000000e-01  1.0000000000000000e+00
288   1.6666666666666666e-01  3.8888888888888890e-01  5.0000000000000000e-01  1.0000000000000000e+00
289   2.7777777777777779e-01  3.8888888888888890e-01  5.0000000000000000e-01  1.0000000000000000e+00
290   3.8888888888888890e-01  3.8888888888888890e-01  5.0000000000000000e-01  1.0000000000000000e+00
291   5.0000000000000000e-01  3.8888888888888890e-01  5.0000000000000000e-01  1.0000000000000000e+00
292   6.1111111111111138e-01  3.8888888888888890e-01  5.0000000000000000e-01  1.0000000000000000e+00
293   7.2222222222222232e-01  3.8888888888888890e-01  5.0000000000000000e-01  1.0000000000000000e+00
294   8.3333333333333348e-01  3.8888888888888890e-01  5.0000000000000000e-01  1.0000000000000000e+00
295   9.4444444444444464e-01  3.8888888888888890e-01  5.0000000000000000e-01  1.0000000000000000e+00
296   1.0000000000000000e+00  3.8888888888888890e-01  5.0000000000000000e-01  1.0000000000000000e+00
297   0.0000000000000000e+00  5.0000000000000000e-01  5.0000000000000000e-01  1.0000000000000000e+00
298   5.5555555555555552e-02  5.0000000000000000e-01  5.0000000000000000e-01  1.0000000000000000e+00
299   1.6666666666666666e-01  4.9999999999999994e-01  4.9999999999999994e-01  9.9999999999999989e-01
300   2.7777777777777779e-01  5.0000000000000000e-01  5.0000000000000000e-01  1.0000000000000000e+00
301   3.8888888888888890e-01  5.0000000000000000e-01  5.0000000000000000e-01  1.0000000000000000e+00
302   5.0000000000000000e-01  5.0000000000000000e-01  5.0000000000000000e-01  1.0000000000000000e+00
303   6.1111111111111116e-01  5.0000000000000000e-01  5.0000000000000000e-01  1.0000000000000000e+00
304   7.2222222222222210e-01  5.0000000000000000e-01  5.0000000000000000e-01  1.0000000000000000e+00
305   8.3333333333333326e-01  5.0000000000000000e-01  5.0000000000000000e-01  1.0000000000000000e+00
306   9.4444444444444442e-01  5.0000000000000000e-01  5.0000000000000000e-01  1.0000000000000000e+00
307   1.0000000000000000e+00  5.0000000000000000e-01  5.0000000000000000e-01  1.0000000000000000e+00
308   0.0000000000000000e+00  6.1111111111111116e-01  5.0000000000000000e-01  1.0000000000000000e+00
309   5.5555555555555552e-02  6.1111111111111116e-01  5.0000000000000000e-01  1.0000000000000000e+00
310   1.6666666666666669e-01  6.1111111111111127e-01  5.0000000000000000e-01  9.9999999999999978e-01
311   2.7777777777777779e-01  6.1111111111111116e-01  5.0000000000000000e-01  1.0000000000000000e+00
312   3.8888888888888890e-01  6.1111111111111116e-01  5.0000000000000000e-01  1.0000000000000000e+00
313   5.0000000000000000e-01  6.1111111111111116e-01  5.0000000000000000e-01  1.0000000000000000e+00
314   6.1111111111111116e-01  6.1111111111111116e-01  5.0000000000000000e-01  1.0000000000000000e+00
315   7.2222222222222232e-01  6.1111111111111116e-01  5.0000000000000000e-01  1.0000000000000000e+00
316   8.3333333333333326e-01  6.1111111111111116e-01  5.0000000000000000e-01  1.0000000000000000e+00
317   9.4444444444444442e-01  6.1111111111111116e-01  5.0000000000000000e-01  1.0000000000000000e+00
318   1.0000000000000000e+00  6.1111111111111116e-01  5.0000000000000000e-01  1.0000000000000000e+00
319   0.0000000000000000e+00  7.2222222222222232e-01  5.0000000000000000e-01  1.0000000000000000e+00
320   5.5555555555555552e-02  7.2222222222222232e-01  5.0000000000000000e-01  1.0000000000000000e+00
321   1.6666666666666669e-01  7.2222222222222221e-01  5.0000000000000000e-01  9.9999999999999978e-01
322   2.7777777777777779e-01  7.2222222222222232e-01  5.0000000000000000e-01  1.0000000000000000e+00
323   3.8888888888888895e-01  7.2222222222222232e-01  5.0000000000000000e-01  1.0000000000000000e+00
324   5.0000000000000000e-01  7.2222222222222232e-01  5.0000000000000000e-01  1.0000000000000000e+00
325   6.1111111111111116e-01  7.2222222222222232e-01  5.0000000000000000e-01  1.0000000000000000e+00
326   7.2222222222222232e-01  7.2222222222222232e-01  5.0000000000000000e-01  1.0000000000000000e+00
327   8.3333333333333326e-01  7.2222222222222232e-01  5.0000000000000000e-01  1.0000000000000000e+00
328   9.4444444444444442e-01  7.2222222222222232e-01  5.0000000000000000e-01  1.0000000000000000e+00
329   1.0000000000000000e+00  7.2222222222222232e-01  5.0000000000000000e-01  1.0000000000000000e+00
330   0.0000000000000000e+00  8.3333333333333326e-01  5.0000000000000000e-01  1.0000000000000000e+00
331   5.5555555555555552e-02  8.3333333333333326e-01  5.0000000000000000e-01  1.0000000000000000e+00
332   1.6666666666666669e-01  8.3333333333333337e-01  5.0000000000000000e-01  9.9999999999999978e-01
333   2.7777777777777779e-01  8.3333333333333326e-01  5.0000000000000000e-01  1.0000000000000000e+00
334   3.8888888888888895e-01  8.3333333333333326e-01  5.0000000000000000e-01  1.0000000000000000e+00
335   5.0000000000000000e-01  8.3333333333333326e-01  5.0000000000000000e-01  1.0000000000000000e+00
336   6.1111111111111116e-01  8.3333333333333326e-01  5.0000000000000000e-01  1.0000000000000000e+00
337   7.2222222222222232e-01  8.3333333333333326e-01  5.0000000000000000e-01  1.0000000000000000e+00
338   8.3333333333333326e-01  8.3333333333333326e-01  5.0000000000000000e-01  1.0000000000000000e+00
339   9.4444444444444442e-01  8.3333333333333326e-01  5.0000000000000000e-01  1.0000000000000000e+00
340   1.0000000000000000e+00  8.3333333333333326e-01  5.0000000000000000e-01  1.0000000000000000e+00
341   0.0000000000000000e+00  9.4444444444444442e-01  5.0000000000000000e-01  1.0000000000000000e+00
342   5.5555555555555552e-02  9.4444444444444442e-01  5.0000000000000000e-01  1.0000000000000000e+00
343   1.6666666666666669e-01  9.4444444444444453e-01  4.9999999999999994e-01  9.9999999999999989e-01
344   2.7777777777777779e-01  9.4444444444444442e-01  5.0000000000000000e-01  1.0000000000000000e+00
345   3.8888888888888890e-01  9.4444444444444442e-01  5.0000000000000000e-01  1.0000000000000000e+00
346   5.0000000000000000e-01  9.4444444444444442e-01  5.0000000000000000e-01  1.0000000000000000e+00
347   6.1111111111111116e-01  9.4444444444444442e-01  5.0000000000000000e-01  1.0000000000000000e+00
348   7.2222222222222232e-01  9.4444444444444442e-01  5.0000000000000000e-01  1.0000000000000000e+00
349   8.3333333333333326e-01  9.4444444444444442e-01  5.0000000000000000e-01  1.0000000000000000e+00
350   9.4444444444444442e-01  9.4444444444444442e-01  5.0000000000000000e-01  1.0000000000000000e+00
351   1.0000000000000000e+00  9.4444444444444442e-01  5.0000000000000000e-01  1.0000000000000000e+00
352   0.0000000000000000e+00  1.0000000000000000e+00  5.0000000000000000e-01  1.0000000000000000e+00
353   5.5555555555555552e-02  1.0000000000000000e+00  5.0000000000000000e-01  1.0000000000000000e+00
354   1.6666666666666669e-01  1.0000000000000000e+00  4.9999999999999994e-01  9.9999999999999989e-01
355   2.7777777777777779e-01  1.0000000000000000e+00  5.0000000000000000e-01  1.0000000000000000e+00
356   3.8888888888888890e-01  1.0000000000000000e+00  5.0000000000000000e-01  1.0000000000000000e+00
357   5.0000000000000000e-01  1.0000000000000000e+00  5.0000000000000000e-01  1.0000000000000000e+00
358   6.1111111111111116e-01  1.0000000000000000e+00  5.0000000000000000e-01  1.0000000000000000e+00
359   7.2222222222222232e-01  1.0000000000000000e+00  5.0000000000000000e-01  1.0000000000000000e+00
360   8.3333333333333326e-01  1.0000000000000000e+00  5.0000000000000000e-01  1.0000000000000000e+00
361   9.4444444444444442e-01  1.0000000000000000e+00  5.0000000000000000e-01  1.0000000000000000e+00
362   1.0000000000000000e+00  1.0000000000000000e+00  5.0000000000000000e-01  1.0000000000000000e+00
363   0.0000000000000000e+00  0.0000000000000000e+00  8.3333333333333326e-01  1.0000000000000000e+00
364   5.5555555555555552e-02  0.0000000000000000e+00  8.3333333333333326e-01  1.0000000000000000e+00
365   1.6666666666666669e-01  0.0000000000000000e+00  8.3333333333333337e-01  9.9999999999999978e-01
366   2.7777777777777779e-01  0.0000000000000000e+00  8.3333333333333326e-01  1.0000000000000000e+00
367   3.8888888888888890e-01  0.0000000000000000e+00  8.3333333333333326e-01  1.0000000000000000e+00
368   5.0000000000000000e-01  0.0000000000000000e+00  8.3333333333333326e-01  1.0000000000000000e+00
369   6.1111111111111116e-01  0.0000000000000000e+00  8.3333333333333326e-01  1.0000000000000000e+00
370   7.2222222222222221e-01  0.0000000000000000e+00  8.3333333333333326e-01  1.0000000000000000e+00
371   8.3333333333333326e-01  0.0000000000000000e+00  8.3333333333333326e-01  1.0000000000000000e+00
372   9.4444444444444442e-01  0.0000000000000000e+00  8.3333333333333326e-01  1.0000000000000000e+00
373   1.0000000000000000e+00  0.0000000000000000e+00  8.3333333333333326e-01  1.0000000000000000e+00
374   0.0000000000000000e+00  5.5555555555555552e-02  8.3333333333333326e-01  1.0000000000000000e+00
375   5.5555555555555552e-02  5.5555555555555552e-02  8.3333333333333326e-01  1.0000000000000000e+00
376   1.6666666666666669e-01  5.5555555555555559e-02  8.3333333333333337e-01  9.9999999999999978e-01
377   2.7777777777777779e-01  5.5555555555555552e-02  8.3333333333333326e-01  1.0000000000000000e+00
378   3.8888888888888884e-01  5.5555555555555552e-02  8.3333333333333326e-01  1.0000000000000000e+00
379   5.0000000000000000e-01  5.5555555555555552e-02  8.3333333333333326e-01  1.0000000000000000e+00
380   6.1111111111111105e-01  5.5555555555555552e-02  8.3333333333333326e-01  1.0000000000000000e+00
381   7.2222222222222221e-01  5.5555555555555552e-02  8.3333333333333326e-01  1.0000000000000000e+00
382   8.3333333333333304e-01  5.5555555555555552e-02  8.3333333333333326e-01  1.0000000000000000e+00
383   9.4444444444444442e-01  5.5555555555555552e-02  8.3333333333333326e-01  1.0000000000000000e+00
384   1.0000000000000000e+00  5.5555555555555552e-02  8.3333333333333326e-01  1.0000000000000000e+00
385   0.0000000000000000e+00  1.6666666666666669e-01  8.3333333333333337e-01  9.9999999999999978e-01
386   5.5555555555555566e-02  1.6666666666666669e-01  8.3333333333333337e-01  9.9999999999999978e-01
387   1.6666666666666669e-01  1.6666666666666666e-01  8.3333333333333337e-01  9.9999999999999978e-01
388   2.7777777777777785e-01  1.6666666666666669e-01  8.3333333333333337e-01  9.9999999999999978e-01
389   3.8888888888888901e-01  1.6666666666666669e-01  8.3333333333333337e-01  9.9999999999999978e-01
390   5.0000000000000000e-01  1.6666666666666669e-01  8.3333333333333337e-01  9.9999999999999978e-01
391   6.1111111111111116e-01  1.6666666666666669e-01  8.3333333333333337e-01  9.9999999999999978e-01
392   7.2222222222222232e-01  1.6666666666666669e-01  8.3333333333333337e-01  9.9999999999999978e-01
393   8.3333333333333348e-01  1.6666666666666669e-01  8.3333333333333337e-01  9.9999999999999978e-01
394   9.4444444444444464e-01  1.6666666666666669e-01  8.3333333333333337e-01  9.9999999999999978e-01
395   1.0000000000000000e+00  1.6666666666666669e-01  8.3333333333333337e-01  9.9999999999999978e-01
396   0.0000000000000000e+00  2.7777777777777779e-01  8.3333333333333326e-01  1.0000000000000000e+00
397   5.5555555555555552e-02  2.7777777777777779e-01  8.3333333333333326e-01  1.0000000000000000e+00
398   1.6666666666666671e-01  2.7777777777777779e-01  8.3333333333333337e-01  9.9999999999999978e-01
399   2.7777777777777785e-01  2.7777777777777779e-01  8.3333333333333326e-01  1.0000000000000000e+00
400   3.8888888888888895e-01  2.7777777777777779e-01  8.3333333333333326e-01  1.0000000000000000e+00
401   5.0000000000000000e-01  2.7777777777777779e-01  8.3333333333333326e-01  1.0000000000000000e+00
402   6.1111111111111127e-01  2.7777777777777779e-01  8.3333333333333326e-01  1.0000000000000000e+00
403   7.2222222222222221e-01  2.7777777777777779e-01  8.3333333333333326e-01  1.0000000000000000e+00
404   8.3333333333333348e-01  2.7777777777777779e-01  8.3333333333333326e-01  1.0000000000000000e+00
405   9.4444444444444453e-01  2.7777777777777779e-01  8.3333333333333326e-01  1.0000000000000000e+00
406   1.0000000000000000e+00  2.7777777777777779e-01  8.3333333333333326e-01  1.0000000000000000e+00
407   0.0000000000000000e+00  3.8888888888888890e-01  8.3333333333333326e-01  1.0000000000000000e+00
408   5.5555555555555552e-02  3.8888888888888890e-01  8.3333333333333326e-01  1.0000000000000000e+00
409   1.6666666666666666e-01  3.8888888888888884e-01  8.3333333333333326e-01  1.0000000000000000e+00
410   2.7777777777777779e-01  3.8888888888888890e-01  8.3333333333333326e-01  1.0000000000000000e+00
411   3.8888888888888890e-01  3.8888888888888890e-01  8.3333333333333326e-01  1.0000000000000000e+00
412   5.0000000000000000e-01  3.8888888888888890e-01  8.3333333333333326e-01  1.0000000000000000e+00
413   6.1111111111111127e-01  3.8888888888888890e-01  8.3333333333333326e-01  1.0000000000000000e+00
414   7.2222222222222221e-01  3.8888888888888890e-01  8.3333333333333326e-01  1.0000000000000000e+00
415   8.3333333333333348e-01  3.8888888888888890e-01  8.3333333333333326e-01  1.0000000000000000e+00
416   9.4444444444444453e-01  3.8888888888888890e-01  8.3333333333333326e-01  1.0000000000000000e+00
417   1.0000000000000000e+00  3.8888888888888890e-01  8.3333333333333326e-01  1.0000000000000000e+00
418   0.0000000000000000e+00  5.0000000000000000e-01  8.3333333333333326e-01  1.0000000000000000e+00
419   5.5555555555555552e-02  5.0000000000000000e-01  8.3333333333333326e-01  1.0000000000000000e+00
420   1.6666666666666666e-01  5.0000000000000000e-01  8.3333333333333337e-01  9.9999999999999978e-01
421   2.7777777777777779e-01  5.0000000000000000e-01  8.3333333333333326e-01  1.0000000000000000e+00
422   3.8888888888888884e-01  5.0000000000000000e-01  8.3333333333333326e-01  1.0000000000000000e+00
423   5.0000000000000000e-01  5.0000000000000000e-01  8.3333333333333326e-01  1.0000000000000000e+00
424   6.1111111111111116e-01  5.0000000000000000e-01  8.3333333333333326e-01  1.0000000000000000e+00
425   7.2222222222222210e-01  5.0000000000000000e-01  8.3333333333333326e-01  1.0000000000000000e+00
426   8.3333333333333326e-01  5.0000000000000000e-01  8.3333333333333326e-01  1.0000000000000000e+00
427   9.4444444444444442e-01  5.0000000000000000e-01  8.3333333333333326e-01  1.0000000000000000e+00
428   1.0000000000000000e+00  5.0000000000000000e-01  8.3333333333333326e-01  1.0000000000000000e+00
429   0.0000000000000000e+00  6.1111111111111116e-01  8.3333333333333326e-01  1.0000000000000000e+00
430   5.5555555555555552e-02  6.1111111111111116e-01  8.3333333333333326e-01  1.0000000000000000e+00
431   1.6666666666666669e-01  6.1111111111111116e-01  8.3333333333333337e-01  9.9999999999999978e-01
432   2.7777777777777779e-01  6.1111111111111116e-01  8.3333333333333326e-01  1.0000000000000000e+00
433   3.8888888888888890e-01  6.1111111111111116e-01  8.3333333333333326e-01  1.0000000000000000e+00
434   5.0000000000000000e-01  6.1111111111111116e-01  8.3333333333333326e-01  1.0000000000000000e+00
435   6.1111111111111116e-01  6.1111111111111116e-01  8.3333333333333326e-01  1.0000000000000000e+00
436   7.2222222222222232e-01  6.1111111111111116e-01  8.3333333333333326e-01  1.0000000000000000e+00
437   8.3333333333333326e-01  6.1111111111111116e-01  8.3333333333333326e-01  1.0000000000000000e+00
438   9.4444444444444442e-01  6.1111111111111116e-01  8.3333333333333326e-01  1.0000000000000000e+00
439   1.0000000000000000e+00  6.1111111111111116e-01  8.3333333333333326e-01  1.0000000000000000e+00
440   0.0000000000000000e+00  7.2222222222222221e-01  8.3333333333333326e-01  1.0000000000000000e+00
441   5.5555555555555552e-02  7.2222222222222221e-01  8.3333333333333326e-01  1.0000000000000000e+00
442   1.6666666666666669e-01  7.2222222222222221e-01  8.3333333333333337e-01  9.9999999999999978e-01
443   2.7777777777777779e-01  7.2222222222222221e-01  8.3333333333333326e-01  1.0000000000000000e+00
444   3.8888888888888895e-01  7.2222222222222221e-01  8.3333333333333326e-01  1.0000000000000000e+00
445   5.0000000000000000e-01  7.2222222222222221e-01  8.3333333333333326e-01  1.0000000000000000e+00
446   6.1111111111111116e-01  7.2222222222222221e-01  8.3333333333333326e-01  1.0000000000000000e+00
447   7.2222222222222221e-01  7.2222222222222221e-01  8.3333333333333326e-01  1.0000000000000000e+00
448   8.3333333333333326e-01  7.2222222222222221e-01  8.3333333333333326e-01  1.0000000000000000e+00
449   9.4444444444444442e-01  7.2222222222222221e-01  8.3333333333333326e-01  1.0000000000000000e+00
450   1.0000000000000000e+00  7.2222222222222221e-01  8.3333333333333326e-01  1.0000000000000000e+00
451   0.0000000000000000e+00  8.3333333333333326e-01  8.3333333333333326e-01  1.0000000000000000e+00
452   5.5555555555555552e-02  8.3333333333333326e-01  8.3333333333333326e-01  1.0000000000000000e+00
453   1.6666666666666669e-01  8.3333333333333326e-01  8.3333333333333337e-01  9.9999999999999978e-01
454   2.7777777777777779e-01  8.3333333333333326e-01  8.3333333333333326e-01  1.0000000000000000e+00
455   3.8888888888888895e-01  8.3333333333333326e-01  8.3333333333333326e-01  1.0000000000000000e+00
456   5.0000000000000000e-01  8.3333333333333326e-01  8.3333333333333326e-01  1.0000000000000000e+00
457   6.1111111111111116e-01  8.3333333333333326e-01  8.3333333333333326e-01  1.0000000000000000e+00
458   7.2222222222222221e-01  8.3333333333333326e-01  8.3333333333333326e-01  1.0000000000000000e+00
459   8.3333333333333326e-01  8.3333333333333326e-01  8.3333333333333326e-01  1.0000000000000000e+00
460   9.4444444444444442e-01  8.3333333333333326e-01  8.3333333333333326e-01  1.0000000000000000e+00
461   1.0000000000000000e+00  8.3333333333333326e-01  8.3333333333333326e-01  1.0000000000000000e+00
462   0.0000000000000000e+00  9.4444444444444442e-01  8.3333333333333326e-01  1.0000000000000000e+00
463   5.5555555555555552e-02  9.4444444444444442e-01  8.3333333333333326e-01  1.0000000000000000e+00
464   1.6666666666666669e-01  9.4444444444444464e-01  8.3333333333333337e-01  9.9999999999999978e-01
465   2.7777777777777779e-01  9.4444444444444442e-01  8.3333333333333326e-01  1.0000000000000000e+00
466   3.8888888888888890e-01  9.4444444444444442e-01  8.3333333333333326e-01  1.0000000000000000e+00
467   5.0000000000000000e-01  9.4444444444444442e-01  8.3333333333333326e-01  1.0000000000000000e+00
468   6.1111111111111116e-01  9.4444444444444442e-01  8.3333333333333326e-01  1.0000000000000000e+00
469   7.2222222222222221e-01  9.4444444444444442e-01  8.3333333333333326e-01  1.0000000000000000e+00
470   8.3333333333333326e-01  9.4444444444444442e-01  8.3333333333333326e-01  1.0000000000000000e+00
471   9.4444444444444442e-01  9.4444444444444442e-01  8.3333333333333326e-01  1.0000000000000000e+00
472   1.0000000000000000e+00  9.4444444444444442e-01  8.3333333333333326e-01  1.0000000000000000e+00
473   0.0000000000000000e+00  1.0000000000000000e+00  8.3333333333333326e-01  1.0000000000000000e+00
474   5.5555555555555552e-02  1.0000000000000000e+00  8.3333333333333326e-01  1.0000000000000000e+00
475   1.6666666666666669e-01  1.0000000000000000e+00  8.3333333333333337e-01  9.9999999999999978e-01
476   2.7777777777777779e-01  1.0000000000000000e+00  8.3333333333333326e-01  1.0000000000000000e+00
477   3.8888888888888890e-01  1.0000000000000000e+00  8.3333333333333326e-01  1.0000000000000000e+00
478   5.0000000000000000e-01  1.0000000000000000e+00  8.3333333333333326e-01  1.0000000000000000e+00
479   6.1111111111111116e-01  1.0000000000000000e+00  8.3333333333333326e-01  1.0000000000000000e+00
480   7.2222222222222221e-01  1.0000000000000000e+00  8.3333333333333326e-01  1.0000000000000000e+00
481   8.3333333333333326e-01  1.0000000000000000e+00  8.3333333333333326e-01  1.0000000000000000e+00
482   9.4444444444444442e-01  1.0000000000000000e+00  8.3333333333333326e-01  1.0000000000000000e+00
483   1.0000000000000000e+00  1.0000000000000000e+00  8.3333333333333326e-01  1.0000000000000000e+00
484   0.0000000000000000e+00  0.0000000000000000e+00  1.0000000000000000e+00  1.0000000000000000e+00
485   5.5555555555555552e-02  0.0000000000000000e+00  1.0000000000000000e+00  1.0000000000000000e+00
486   1.6666666666666669e-01  0.0000000000000000e+00  1.0000000000000000e+00  9.9999999999999989e-01
487   2.7777777777777779e-01  0.0000000000000000e+00  1.0000000000000000e+00  1.0000000000000000e+00
488   3.8888888888888890e-01  0.0000000000000000e+00  1.0000000000000000e+00  1.0000000000000000e+00
489   5.0000000000000000e-01  0.0000000000000000e+00  1.0000000000000000e+00  1.0000000000000000e+00
490   6.1111111111111116e-01  0.0000000000000000e+00  1.0000000000000000e+00  1.0000000000000000e+00
491   7.2222222222222221e-01  0.0000000000000000e+00  1.0000000000000000e+00  1.0000000000000000e+00
492   8.3333333333333326e-01  0.0000000000000000e+00  1.0000000000000000e+00  1.0000000000000000e+00
493   9.4444444444444442e-01  0.0000000000000000e+00  1.0000000000000000e+00  1.0000000000000000e+00
494   1.0000000000000000e+00  0.0000000000000000e+00  1.0000000000000000e+00  1.0000000000000000e+00
495   0.0000000000000000e+00  5.5555555555555552e-02  1.0000000000000000e+00  1.0000000000000000e+00
496   5.5555555555555552e-02  5.5555555555555552e-02  1.0000000000000000e+00  1.0000000000000000e+00
497   1.6666666666666669e-01  5.5555555555555559e-02  1.0000000000000000e+00  9.9999999999999978e-01
498   2.7777777777777779e-01  5.5555555555555552e-02  1.0000000000000000e+00  1.0000000000000000e+00
499   3.8888888888888884e-01  5.5555555555555552e-02  1.0000000000000000e+00  1.0000000000000000e+00
500   5.0000000000000000e-01  5.5555555555555552e-02  1.0000000000000000e+00  1.0000000000000000e+00
501   6.1111111111111105e-01  5.5555555555555552e-02  1.0000000000000000e+00  1.0000000000000000e+00
502   7.2222222222222221e-01  5.5555555555555552e-02  1.0000000000000000e+00  1.0000000000000000e+00
503   8.3333333333333315e-01  5.5555555555555552e-02  1.0000000000000000e+00  1.0000000000000000e+00
504   9.4444444444444442e-01  5.5555555555555552e-02  1.0000000000000000e+00  1.0000000000000000e+00
505   1.0000000000000000e+00  5.5555555555555552e-02  1.0000000000000000e+00  1.0000000000000000e+00
506   0.0000000000000000e+00  1.6666666666666669e-01  1.0000000000000000e+00  9.9999999999999989e-01
507   5.5555555555555559e-02  1.6666666666666669e-01  1.0000000000000000e+00  9.9999999999999989e-01
508   1.6666666666666669e-01  1.6666666666666666e-01  1.0000000000000000e+00  9.9999999999999978e-01
509   2.7777777777777785e-01  1.6666666666666669e-01  1.0000000000000000e+00  9.9999999999999989e-01
510   3.8888888888888895e-01  1.6666666666666669e-01  1.0000000000000000e+00  9.9999999999999989e-01
511   5.0000000000000000e-01  1.6666666666666669e-01  1.0000000000000000e+00  9.9999999999999989e-01
512   6.1111111111111116e-01  1.6666666666666669e-01  1.0000000000000000e+00  9.9999999999999989e-01
513   7.2222222222222232e-01  1.6666666666666669e-01  1.0000000000000000e+00  9.9999999999999989e-01
514   8.3333333333333337e-01  1.6666666666666669e-01  1.0000000000000000e+00  9.9999999999999989e-01
515   9.4444444444444453e-01  1.6666666666666669e-01  1.0000000000000000e+00  9.9999999999999989e-01
516   1.0000000000000000e+00  1.6666666666666669e-01  1.0000000000000000e+00  9.9999999999999989e-01
517   0.0000000000000000e+00  2.7777777777777779e-01  1.0000000000000000e+00  1.0000000000000000e+00
518   5.5555555555555559e-02  2.7777777777777779e-01  1.0000000000000000e+00  1.0000000000000000e+00
519   1.6666666666666671e-01  2.7777777777777779e-01  1.0000000000000000e+00  9.9999999999999989e-01
520   2.7777777777777785e-01  2.7777777777777779e-01  1.0000000000000000e+00  1.0000000000000000e+00
521   3.8888888888888895e-01  2.7777777777777779e-01  1.0000000000000000e+00  1.0000000000000000e+00
522   5.0000000000000000e-01  2.7777777777777779e-01  1.0000000000000000e+00  1.0000000000000000e+00
523   6.1111111111111127e-01  2.7777777777777779e-01  1.0000000000000000e+00  1.0000000000000000e+00
524   7.2222222222222221e-01  2.7777777777777779e-01  1.0000000000000000e+00  1.0000000000000000e+00
525   8.3333333333333337e-01  2.7777777777777779e-01  1.0000000000000000e+00  1.0000000000000000e+00
526   9.4444444444444453e-01  2.7777777777777779e-01  1.0000000000000000e+00  1.0000000000000000e+00
527   1.0000000000000000e+00  2.7777777777777779e-01  1.0000000000000000e+00  1.0000000000000000e+00
528   0.0000000000000000e+00  3.8888888888888890e-01  1.0000000000000000e+00  1.0000000000000000e+00
529   5.5555555555555552e-02  3.8888888888888890e-01  1.0000000000000000e+00  1.0000000000000000e+00
530   1.6666666666666666e-01  3.8888888888888884e-01  1.0000000000000000e+00  1.0000000000000000e+00
531   2.7777777777777779e-01  3.8888888888888890e-01  1.0000000000000000e+00  1.0000000000000000e+00
532   3.8888888888888890e-01  3.8888888888888890e-01  1.0000000000000000e+00  1.0000000000000000e+00
533   5.0000000000000000e-01  3.8888888888888890e-01  1.0000000000000000e+00  1.0000000000000000e+00
534   6.1111111111111127e-01  3.8888888888888890e-01  1.0000000000000000e+00  1.0000000000000000e+00
535   7.2222222222222221e-01  3.8888888888888890e-01  1.0000000000000000e+00  1.0000000000000000e+00
536   8.3333333333333337e-01  3.8888888888888890e-01  1.0000000000000000e+00  1.0000000000000000e+00
537   9.4444444444444453e-01  3.8888888888888890e-01  1.0000000000000000e+00  1.0000000000000000e+00
538   1.0000000000000000e+00  3.8888888888888890e-01  1.0000000000000000e+00  1.0000000000000000e+00
539   0.0000000000000000e+00  5.0000000000000000e-01  1.0000000000000000e+00  1.0000000000000000e+00
540   5.5555555555555552e-02  5.0000000000000000e-01  1.0000000000000000e+00  1.0000000000000000e+00
541   1.6666666666666666e-01  4.9999999999999994e-01  1.0000000000000000e+00  9.9999999999999989e-01
542   2.7777777777777779e-01  5.0000000000000000e-01  1.0000000000000000e+00  1.0000000000000000e+00
543   3.8888888888888884e-01  5.0000000000000000e-01  1.0000000000000000e+00  1.0000000000000000e+00
544   5.0000000000000000e-01  5.0000000000000000e-01  1.0000000000000000e+00  1.0000000000000000e+00
545   6.1111111111111116e-01  5.0000000000000000e-01  1.0000000000000000e+00  1.0000000000000000e+00
546   7.2222222222222210e-01  5.0000000000000000e-01  1.0000000000000000e+00  1.0000000000000000e+00
547   8.3333333333333326e-01  5.0000000000000000e-01  1.0000000000000000e+00  1.0000000000000000e+00
548   9.4444444444444442e-01  5.0000000000000000e-01  1.0000000000000000e+00  1.0000000000000000e+00
549   1.0000000000000000e+00  5.0000000000000000e-01  1.0000000000000000e+00  1.0000000000000000e+00
550   0.0000000000000000e+00  6.1111111111111116e-01  1.0000000000000000e+00  1.0000000000000000e+00
551   5.5555555555555552e-02  6.1111111111111116e-01  1.0000000000000000e+00  1.0000000000000000e+00
552   1.6666666666666669e-01  6.1111111111111116e-01  1.0000000000000000e+00  9.9999999999999978e-01
553   2.7777777777777779e-01  6.1111111111111116e-01  1.0000000000000000e+00  1.0000000000000000e+00
554   3.8888888888888890e-01  6.1111111111111116e-01  1.0000000000000000e+00  1.0000000000000000e+00
555   5.0000000000000000e-01  6.1111111111111116e-01  1.0000000000000000e+00  1.0000000000000000e+00
556   6.1111111111111116e-01  6.1111111111111116e-01  1.0000000000000000e+00  1.0000000000000000e+00
557   7.2222222222222232e-01  6.1111111111111116e-01  1.0000000000000000e+00  1.0000000000000000e+00
558   8.3333333333333326e-01  6.1111111111111116e-01  1.0000000000000000e+00  1.0000000000000000e+00
559   9.4444444444444442e-01  6.1111111111111116e-01  1.0000000000000000e+00  1.0000000000000000e+00
560   1.0000000000000000e+00  6.1111111111111116e-01  1.0000000000000000e+00  1.0000000000000000e+00
561   0.0000000000000000e+00  7.2222222222222221e-01  1.0000000000000000e+00  1.0000000000000000e+00
562   5.5555555555555552e-02  7.2222222222222221e-01  1.0000000000000000e+00  1.0000000000000000e+00
563   1.6666666666666669e-01  7.2222222222222221e-01  1.0000000000000000e+00  9.9999999999999978e-01
564   2.7777777777777779e-01  7.2222222222222221e-01  1.0000000000000000e+00  1.0000000000000000e+00
565   3.8888888888888895e-01  7.2222222222222221e-01  1.0000000000000000e+00  1.0000000000000000e+00
566   5.0000000000000000e-01  7.2222222222222221e-01  1.0000000000000000e+00  1.0000000000000000e+00
567   6.1111111111111116e-01  7.2222222222222221e-01  1.0000000000000000e+00  1.0000000000000000e+00
568   7.2222222222222221e-01  7.2222222222222221e-01  1.0000000000000000e+00  1.0000000000000000e+00
569   8.3333333333333326e-01  7.2222222222222221e-01  1.0000000000000000e+00  1.0000000000000000e+00
570   9.4444444444444442e-01  7.2222222222222221e-01  1.0000000000000000e+00  1.0000000000000000e+00
571   1.0000000000000000e+00  7.2222222222222221e-01  1.0000000000000000e+00  1.0000000000000000e+00
572   0.0000000000000000e+00  8.3333333333333326e-01  1.0000000000000000e+00  1.0000000000000000e+00
573   5.5555555555555552e-02  8.3333333333333326e-01  1.0000000000000000e+00  1.0000000000000000e+00
574   1.6666666666666669e-01  8.3333333333333337e-01  1.0000000000000000e+00  9.9999999999999978e-01
575   2.7777777777777779e-01  8.3333333333333326e-01  1.0000000000000000e+00  1.0000000000000000e+00
576   3.8888888888888895e-01  8.3333333333333326e-01  1.0000000000000000e+00  1.0000000000000000e+00
577   5.0000000000000000e-01  8.3333333333333326e-01  1.0000000000000000e+00  1.0000000000000000e+00
578   6.1111111111111116e-01  8.3333333333333326e-01  1.0000000000000000e+00  1.0000000000000000e+00
579   7.2222222222222221e-01  8.3333333333333326e-01  1.0000000000000000e+00  1.0000000000000000e+00
580   8.3333333333333326e-01  8.3333333333333326e-01  1.0000000000000000e+00  1.0000000000000000e+00
581   9.4444444444444442e-01  8.3333333333333326e-01  1.0000000000000000e+00  1.0000000000000000e+00
582   1.0000000000000000e+00  8.3333333333333326e-01  1.0000000000000000e+00  1.0000000000000000e+00
583   0.0000000000000000e+00  9.4444444444444442e-01  1.0000000000000000e+00  1.0000000000000000e+00
584   5.5555555555555552e-02  9.4444444444444442e-01  1.0000000000000000e+00  1.0000000000000000e+00
585   1.6666666666666669e-01  9.4444444444444442e-01  1.0000000000000000e+00  9.9999999999999989e-01
586   2.7777777777777779e-01  9.4444444444444442e-01  1.0000000000000000e+00  1.0000000000000000e+00
587   3.8888888888888890e-01  9.4444444444444442e-01  1.0000000000000000e+00  1.0000000000000000e+00
588   5.0000000000000000e-01  9.4444444444444442e-01  1.0000000000000000e+00  1.0000000000000000e+00
589   6.1111111111111116e-01  9.4444444444444442e-01  1.0000000000000000e+00  1.0000000000000000e+00
590   7.2222222222222221e-01  9.4444444444444442e-01  1.0000000000000000e+00  1.0000000000000000e+00
591   8.3333333333333326e-01  9.4444444444444442e-01  1.0000000000000000e+00  1.0000000000000000e+00
592   9.4444444444444442e-01  9.4444444444444442e-01  1.0000000000000000e+00  1.0000000000000000e+00
593   1.0000000000000000e+00  9.4444444444444442e-01  1.0000000000000000e+00  1.0000000000000000e+00
594   0.0000000000000000e+00  1.0000000000000000e+00  1.0000000000000000e+00  1.0000000000000000e+00
595   5.5555555555555552e-02  1.0000000000000000e+00  1.0000000000000000e+00  1.0000000000000000e+00
596   1.6666666666666669e-01  1.0000000000000000e+00  1.0000000000000000e+00  9.9999999999999989e-01
597   2.7777777777777779e-01  1.0000000000000000e+00  1.0000000000000000e+00  1.0000000000000000e+00
598   3.8888888888888890e-01  1.0000000000000000e+00  1.0000000000000000e+00  1.0000000000000000e+00
599   5.0000000000000000e-01  1.0000000000000000e+00  1.0000000000000000e+00  1.0000000000000000e+00
600   6.1111111111111116e-01  1.0000000000000000e+00  1.0000000000000000e+00  1.0000000000000000e+00
601   7.2222222222222221e-01  1.0000000000000000e+00  1.0000000000000000e+00  1.0000000000000000e+00
602   8.3333333333333326e-01  1.0000000000000000e+00  1.0000000000000000e+00  1.0000000000000000e+00
603   9.4444444444444442e-01  1.0000000000000000e+00  1.0000000000000000e+00  1.0000000000000000e+00
604   1.0000000000000000e+00  1.0000000000000000e+00  1.0000000000000000e+00  1.0000000000000000e+00

0    0    0.000000e+00
11   0    0.000000e+00
22   0    0.000000e+00
33   0    0.000000e+00
44   0    0.000000e+00
55   0    0.000000e+00
66   0    0.000000e+00
77   0    0.000000e+00
88   0    0.000000e+00
99   0    0.000000e+00
110  0    0.000000e+00
121  0    0.000000e+00
132  0    0.000000e+00
143  0    0.000000e+00
154  0    0.000000e+00
165  0    0.000000e+00
176  0    0.000000e+00
187  0    0.000000e+00
198  0    0.000000e+00
209  0    0.000000e+00
220  0    0.000000e+00
231  0    0.000000e+00
242  0    0.000000e+00
253  0    0.000000e+00
264  0    0.000000e+00
275  0    0.000000e+00
286  0    0.000000e+00
297  0    0.000000e+00
308  0    0.000000e+00
319  0    0.000000e+00
330  0    0.000000e+00
341  0    0.000000e+00
352  0    0.000000e+00
363  0    0.000000e+00
374  0    0.000000e+00
385  0    0.000000e+00
396  0    0.000000e+00
407  0    0.000000e+00
418  0    0.000000e+00
429  0    0.000000e+00
440  0    0.000000e+00
451  0    0.000000e+00
462  0    0.000000e+00
473  0    0.000000e+00
484  0    0.000000e+00
495  0    0.000000e+00
506  0    0.000000e+00
517  0    0.000000e+00
528  0    0.000000e+00
539  0    0.000000e+00
550  0    0.000000e+00
561  0    0.000000e+00
572  0    0.000000e+00
583  0    0.000000e+00
594  0    0.000000e+00
0    1    0.000000e+00
0    2    0.000000e+00
1210 1    0.000000e+00

0    0    1 2    1.000000e+00   0.000000e+00 1.000000e+00   0.000000e+00 1.000000e+00   1.000000e+00 0.000000e+00 0.000000e+00   1.000000e+01 0.000000e+00 0.000000e+00