3

1000  3.000000e-01

1

216

3    3    3

10   10   10

6    6    6

0    1    2    3    4    5    6    7    8    9    10   11   12   13   14   15   16   17   18   19   20   21   22   23   24   25   26   27   28   29   30   31   32   33   34   35   36   37   38   39   40   41   42   43   44   45   46   47   48   49   50   51   52   53   54   55   56   57   58   59   60   61   62   63   64   65   66   67   68   69   70   71   72   73   74   75   76   77   78   79   80   81   82   83   84   85   86   87   88   89   90   91   92   93   94   95   96   97   98   99   100  101  102  103  104  105  106  107  108  109  110  111  112  113  114  115  116  117  118  119  120  121  122  123  124  125  126  127  128  129  130  131  132  133  134  135  136  137  138  139  140  141  142  143  144  145  146  147  148  149  150  151  152  153  154  155  156  157  158  159  160  161  162  163  164  165  166  167  168  169  170  171  172  173  174  175  176  177  178  179  180  181  182  183  184  185  186  187  188  189  190  191  192  193  194  195  196  197  198  199  200  201  202  203  204  205  206  207  208  209  210  211  212  213  214  215

108  0    1

0.0000000000000000e+00  0.0000000000000000e+00  0.0000000000000000e+00  0.0000000000000000e+00  3.3333333333333331e-01  6.6666666666666663e-01  1.0000000000000000e+00  1.0000000000000000e+00  1.0000000000000000e+00  1.0000000000000000e+00
0.0000000000000000e+00  0.0000000000000000e+00  0.0000000000000000e+00  0.0000000000000000e+00  3.3333333333333331e-01  6.6666666666666663e-01  1.0000000000000000e+00  1.0000000000000000e+00  1.0000000000000000e+00  1.0000000000000000e+00
0.0000000000000000e+00  0.0000000000000000e+00  0.0000000000000000e+00  0.0000000000000000e+00  3.3333333333333331e-01  6.6666666666666663e-01  1.0000000000000000e+00  1.0000000000000000e+00  1.0000000000000000e+00  1.0000000000000000e+00

0     0.0000000000000000e+00  0.0000000000000000e+00  0.0000000000000000e+00  1.0000000000000000e+00
1     3.3333333333333331e-01  0.0000000000000000e+00  0.0000000000000000e+00  1.0000000000000000e+00
2     1.0000000000000000e+00  0.0000000000000000e+00  0.0000000000000000e+00  1.0000000000000000e+00
3     2.0000000000000000e+00  0.0000000000000000e+00  0.0000000000000000e+00  1.0000000000000000e+00
4     2.6666666666666670e+00  0.0000000000000000e+00  0.0000000000000000e+00  1.0000000000000000e+00
5     3.0000000000000000e+00  0.0000000000000000e+00  0.0000000000000000e+00  1.0000000000000000e+00
6     0.0000000000000000e+00  3.3333333333333331e-01  0.0000000000000000e+00  1.0000000000000000e+00
7     3.3333333333333337e-01  3.3333333333333331e-01  0.0000000000000000e+00  1.0000000000000000e+00
8     1.0000000000000000e+00  3.3333333333333331e-01  0.0000000000000000e+00  1.0000000000000000e+00
9     2.0000000000000000e+00  3.3333333333333331e-01  0.0000000000000000e+00  1.0000000000000000e+00
10    2.6666666666666670e+00  3.3333333333333331e-01  0.0000000000000000e+00  1.0000000000000000e+00
11    3.0000000000000000e+00  3.3333333333333331e-01  0.0000000000000000e+00  1.0000000000000000e+00
12    0.0000000000000000e+00  1.0000000000000000e+00  0.0000000000000000e+00  1.0000000000000000e+00
13    3.3333333333333331e-01  1.0000000000000000e+00  0.0000000000000000e+00  1.0000000000000000e+00
14    1.0000000000000000e+00  1.0000000000000000e+00  0.0000000000000000e+00  1.0000000000000000e+00
15    2.0000000000000000e+00  1.0000000000000000e+00  0.0000000000000000e+00  1.0000000000000000e+00
16    2.6666666666666670e+00  1.0000000000000000e+00  0.0000000000000000e+00  1.0000000000000000e+00
17    3.0000000000000000e+00  1.0000000000000000e+00  0.0000000000000000e+00  1.0000000000000000e+00
18    0.0000000000000000e+00  2.0000000000000000e+00  0.0000000000000000e+00  1.0000000000000000e+00
19    3.3333333333333331e-01  2.0000000000000000e+00  0.0000000000000000e+00  1.0000000000000000e+00
20    1.0000000000000000e+00  2.0000000000000000e+00  0.0000000000000000e+00  1.0000000000000000e+00
21    2.0000000000000000e+00  2.0000000000000000e+00  0.0000000000000000e+00  1.0000000000000000e+00
22    2.6666666666666670e+00  2.0000000000000000e+00  0.0000000000000000e+00  1.0000000000000000e+00
23    3.0000000000000000e+00  2.0000000000000000e+00  0.0000000000000000e+00  1.0000000000000000e+00
24    0.0000000000000000e+00  2.6666666666666670e+00  0.0000000000000000e+00  1.0000000000000000e+00
25    3.3333333333333331e-01  2.6666666666666670e+00  0.0000000000000000e+00  1.0000000000000000e+00
26    1.0000000000000000e+00  2.6666666666666670e+00  0.0000000000000000e+00  1.0000000000000000e+00
27    2.0000000000000000e+00  2.6666666666666670e+00  0.0000000000000000e+00  1.0000000000000000e+00
28    2.6666666666666670e+00  2.6666666666666670e+00  0.0000000000000000e+00  1.0000000000000000e+00
29    3.0000000000000000e+00  2.6666666666666670e+00  0.0000000000000000e+00  1.0000000000000000e+00
30    0.0000000000000000e+00  3.0000000000000000e+00  0.0000000000000000e+00  1.0000000000000000e+00
31    3.3333333333333331e-01  3.0000000000000000e+00  0.0000000000000000e+00  1.0000000000000000e+00
32    1.0000000000000000e+00  3.0000000000000000e+00  0.0000000000000000e+00  1.0000000000000000e+00
33    2.0000000000000000e+00  3.0000000000000000e+00  0.0000000000000000e+00  1.0000000000000000e+00
34    2.6666666666666670e+00  3.0000000000000000e+00  0.0000000000000000e+00  1.0000000000000000e+00
35    3.0000000000000000e+00  3.0000000000000000e+00  0.0000000000000000e+00  1.0000000000000000e+00
36    0.0000000000000000e+00  0.0000000000000000e+00  3.3333333333333331e-01  1.0000000000000000e+00
37    3.3333333333333337e-01  0.0000000000000000e+00  3.3333333333333331e-01  1.0000000000000000e+00
38    1.0000000000000000e+00  0.0000000000000000e+00  3.3333333333333331e-01  1.0000000000000000e+00
39    2.0000000000000000e+00  0.0000000000000000e+00  3.3333333333333331e-01  1.0000000000000000e+00
40    2.6666666666666670e+00  0.0000000000000000e+00  3.3333333333333331e-01  1.0000000000000000e+00
41    3.0000000000000000e+00  0.0000000000000000e+00  3.3333333333333331e-01  1.0000000000000000e+00
42    0.0000000000000000e+00  3.3333333333333337e-01  3.3333333333333331e-01  1.0000000000000000e+00
43    3.3333333333333337e-01  3.3333333333333337e-01  3.3333333333333331e-01  1.0000000000000000e+00
44    1.0000000000000000e+00  3.3333333333333337e-01  3.3333333333333331e-01  1.0000000000000000e+00
45    2.0000000000000000e+00  3.3333333333333337e-01  3.3333333333333331e-01  1.0000000000000000e+00
46    2.6666666666666670e+00  3.3333333333333337e-01  3.3333333333333331e-01  1.0000000000000000e+00
47    3.0000000000000000e+00  3.3333333333333337e-01  3.3333333333333331e-01  1.0000000000000000e+00
48    0.0000000000000000e+00  1.0000000000000000e+00  3.3333333333333331e-01  1.0000000000000000e+00
49    3.3333333333333337e-01  1.0000000000000000e+00  3.3333333333333331e-01  1.0000000000000000e+00
50    1.0000000000000000e+00  1.0000000000000000e+00  3.3333333333333331e-01  1.0000000000000000e+00
51    2.0000000000000000e+00  1.0000000000000000e+00  3.3333333333333331e-01  1.0000000000000000e+00
52    2.6666666666666670e+00  1.0000000000000000e+00  3.3333333333333331e-01  1.0000000000000000e+00
53    3.0000000000000000e+00  1.0000000000000000e+00  3.3333333333333331e-01  1.0000000000000000e+00
54    0.0000000000000000e+00  2.0000000000000000e+00  3.3333333333333331e-01  1.0000000000000000e+00
55    3.3333333333333337e-01  2.0000000000000000e+00  3.3333333333333331e-01  1.0000000000000000e+00
56    1.0000000000000000e+00  2.0000000000000000e+00  3.3333333333333331e-01  1.0000000000000000e+00
57    2.0000000000000000e+00  2.0000000000000000e+00  3.3333333333333331e-01  1.0000000000000000e+00
58    2.6666666666666670e+00  2.0000000000000000e+00  3.3333333333333331e-01  1.0000000000000000e+00
59    3.0000000000000000e+00  2.0000000000000000e+00  3.3333333333333331e-01  1.0000000000000000e+00
60    0.0000000000000000e+00  2.6666666666666670e+00  3.3333333333333331e-01  1.0000000000000000e+00
61    3.3333333333333337e-01  2.6666666666666670e+00  3.3333333333333331e-01  1.0000000000000000e+00
62    1.0000000000000000e+00  2.6666666666666670e+00  3.3333333333333331e-01  1.0000000000000000e+00
63    2.0000000000000000e+00  2.6666666666666670e+00  3.3333333333333331e-01  1.0000000000000000e+00
64    2.6666666666666670e+00  2.6666666666666670e+00  3.3333333333333331e-01  1.0000000000000000e+00
65    3.0000000000000000e+00  2.6666666666666670e+00  3.3333333333333331e-01  1.0000000000000000e+00
66    0.0000000000000000e+00  3.0000000000000000e+00  3.3333333333333331e-01  1.0000000000000000e+00
67    3.3333333333333337e-01  3.0000000000000000e+00  3.3333333333333331e-01  1.0000000000000000e+00
68    1.0000000000000000e+00  3.0000000000000000e+00  3.3333333333333331e-01  1.0000000000000000e+00
69    2.0000000000000000e+00  3.0000000000000000e+00  3.3333333333333331e-01  1.0000000000000000e+00
70    2.6666666666666670e+00  3.0000000000000000e+00  3.3333333333333331e-01  1.0000000000000000e+00
71    3.0000000000000000e+00  3.0000000000000000e+00  3.3333333333333331e-01  1.0000000000000000e+00
72    0.0000000000000000e+00  0.0000000000000000e+00  1.0000000000000000e+00  1.0000000000000000e+00
73    3.3333333333333331e-01  0.0000000000000000e+00  1.0000000000000000e+00  1.0000000000000000e+00
74    1.0000000000000000e+00  0.0000000000000000e+00  1.0000000000000000e+00  1.0000000000000000e+00
75    2.0000000000000000e+00  0.0000000000000000e+00  1.0000000000000000e+00  1.0000000000000000e+00
76    2.6666666666666670e+00  0.0000000000000000e+00  1.0000000000000000e+00  1.0000000000000000e+00
77    3.0000000000000000e+00  0.0000000000000000e+00  1.0000000000000000e+00  1.0000000000000000e+00
78    0.0000000000000000e+00  3.3333333333333331e-01  1.0000000000000000e+00  1.0000000000000000e+00
79    3.3333333333333337e-01  3.3333333333333331e-01  1.0000000000000000e+00  1.0000000000000000e+00
80    1.0000000000000000e+00  3.3333333333333331e-01  1.0000000000000000e+00  1.0000000000000000e+00
81    2.0000000000000000e+00  3.3333333333333331e-01  1.0000000000000000e+00  1.0000000000000000e+00
82    2.6666666666666670e+00  3.3333333333333331e-01  1.0000000000000000e+00  1.0000000000000000e+00
83    3.0000000000000000e+00  3.3333333333333331e-01  1.0000000000000000e+00  1.0000000000000000e+00
84    0.0000000000000000e+00  1.0000000000000000e+00  1.0000000000000000e+00  1.0000000000000000e+00
85    3.3333333333333331e-01  1.0000000000000000e+00  1.0000000000000000e+00  1.0000000000000000e+00
86    1.0000000000000000e+00  1.0000000000000000e+00  1.0000000000000000e+00  1.0000000000000000e+00
87    2.0000000000000000e+00  1.0000000000000000e+00  1.0000000000000000e+00  1.0000000000000000e+00
88    2.6666666666666670e+00  1.0000000000000000e+00  1.0000000000000000e+00  1.0000000000000000e+00
89    3.0000000000000000e+00  1.0000000000000000e+00  1.0000000000000000e+00  1.0000000000000000e+00
90    0.0000000000000000e+00  2.0000000000000000e+00  1.0000000000000000e+00  1.0000000000000000e+00
91    3.3333333333333331e-01  2.0000000000000000e+00  1.0000000000000000e+00  1.0000000000000000e+00
92    1.0000000000000000e+00  2.0000000000000000e+00  1.0000000000000000e+00  1.0000000000000000e+00
93    2.0000000000000000e+00  2.0000000000000000e+00  1.0000000000000000e+00  1.0000000000000000e+00
94    2.6666666666666670e+00  2.0000000000000000e+00  1.0000000000000000e+00  1.0000000000000000e+00
95    3.0000000000000000e+00  2.0000000000000000e+00  1.0000000000000000e+00  1.0000000000000000e+00
96    0.0000000000000000e+00  2.6666666666666670e+00  1.0000000000000000e+00  1.0000000000000000e+00
97    3.3333333333333331e-01  2.6666666666666670e+00  1.0000000000000000e+00  1.0000000000000000e+00
98    1.0000000000000000e+00  2.6666666666666670e+00  1.0000000000000000e+00  1.0000000000000000e+00
99    2.0000000000000000e+00  2.6666666666666670e+00  1.0000000000000000e+00  1.0000000000000000e+00
100   2.6666666666666670e+00  2.6666666666666670e+00  1.0000000000000000e+00  1.0000000000000000e+00
101   3.0000000000000000e+00  2.6666666666666670e+00  1.0000000000000000e+00  1.0000000000000000e+00
102   0.0000000000000000e+00  3.0000000000000000e+00  1.0000000000000000e+00  1.0000000000000000e+00
103   3.3333333333333331e-01  3.0000000000000000e+00  1.0000000000000000e+00  1.0000000000000000e+00
104   1.0000000000000000e+00  3.0000000000000000e+00  1.0000000000000000e+00  1.0000000000000000e+00
105   2.0000000000000000e+00  3.0000000000000000e+00  1.0000000000000000e+00  1.0000000000000000e+00
106   2.6666666666666670e+00  3.0000000000000000e+00  1.0000000000000000e+00  1.0000000000000000e+00
107   3.0000000000000000e+00  3.0000000000000000e+00  1.0000000000000000e+00  1.0000000000000000e+00
108   0.0000000000000000e+00  0.0000000000000000e+00  2.0000000000000000e+00  1.0000000000000000e+00
109   3.3333333333333331e-01  0.0000000000000000e+00  2.0000000000000000e+00  1.0000000000000000e+00
110   1.0000000000000000e+00  0.0000000000000000e+00  2.0000000000000000e+00  1.0000000000000000e+00
111   2.0000000000000000e+00  0.0000000000000000e+00  2.0000000000000000e+00  1.0000000000000000e+00
112   2.6666666666666670e+00  0.0000000000000000e+00  2.0000000000000000e+00  1.0000000000000000e+00
113   3.0000000000000000e+00  0.0000000000000000e+00  2.0000000000000000e+00  1.0000000000000000e+00
114   0.0000000000000000e+00  3.3333333333333331e-01  2.0000000000000000e+00  1.0000000000000000e+00
115   3.3333333333333337e-01  3.3333333333333331e-01  2.0000000000000000e+00  1.0000000000000000e+00
116   1.0000000000000000e+00  3.3333333333333331e-01  2.0000000000000000e+00  1.0000000000000000e+00
117   2.0000000000000000e+00  3.3333333333333331e-01  2.0000000000000000e+00  1.0000000000000000e+00
118   2.6666666666666670e+00  3.3333333333333331e-01  2.0000000000000000e+00  1.0000000000000000e+00
119   3.0000000000000000e+00  3.3333333333333331e-01  2.0000000000000000e+00  1.0000000000000000e+00
120   0.0000000000000000e+00  1.0000000000000000e+00  2.0000000000000000e+00  1.0000000000000000e+00
121   3.3333333333333331e-01  1.0000000000000000e+00  2.0000000000000000e+00  1.0000000000000000e+00
122   1.0000000000000000e+00  1.0000000000000000e+00  2.0000000000000000e+00  1.0000000000000000e+00
123   2.0000000000000000e+00  1.0000000000000000e+00  2.0000000000000000e+00  1.0000000000000000e+00
124   2.6666666666666670e+00  1.0000000000000000e+00  2.0000000000000000e+00  1.0000000000000000e+00
125   3.0000000000000000e+00  1.0000000000000000e+00  2.0000000000000000e+00  1.0000000000000000e+00
126   0.0000000000000000e+00  2.0000000000000000e+00  2.0000000000000000e+00  1.0000000000000000e+00
127   3.3333333333333331e-01  2.0000000000000000e+00  2.0000000000000000e+00  1.0000000000000000e+00
128   1.0000000000000000e+00  2.0000000000000000e+00  2.0000000000000000e+00  1.0000000000000000e+00
129   2.0000000000000000e+00  2.0000000000000000e+00  2.0000000000000000e+00  1.0000000000000000e+00
130   2.6666666666666670e+00  2.0000000000000000e+00  2.0000000000000000e+00  1.0000000000000000e+00
131   3.0000000000000000e+00  2.0000000000000000e+00  2.0000000000000000e+00  1.0000000000000000e+00
132   0.0000000000000000e+00  2.6666666666666670e+00  2.0000000000000000e+00  1.0000000000000000e+00
133   3.3333333333333331e-01  2.6666666666666670e+00  2.0000000000000000e+00  1.0000000000000000e+00
134   1.0000000000000000e+00  2.6666666666666670e+00  2.0000000000000000e+00  1.0000000000000000e+00
135   2.0000000000000000e+00  2.6666666666666670e+00  2.0000000000000000e+00  1.0000000000000000e+00
136   2.6666666666666670e+00  2.6666666666666670e+00  2.0000000000000000e+00  1.0000000000000000e+00
137   3.0000000000000000e+00  2.6666666666666670e+00  2.0000000000000000e+00  1.0000000000000000e+00
138   0.0000000000000000e+00  3.0000000000000000e+00  2.0000000000000000e+00  1.0000000000000000e+00
139   3.3333333333333331e-01  3.0000000000000000e+00  2.0000000000000000e+00  1.0000000000000000e+00
140   1.0000000000000000e+00  3.0000000000000000e+00  2.0000000000000000e+00  1.0000000000000000e+00
141   2.0000000000000000e+00  3.0000000000000000e+00  2.0000000000000000e+00  1.0000000000000000e+00
142   2.6666666666666670e+00  3.0000000000000000e+00  2.0000000000000000e+00  1.0000000000000000e+00
143   3.0000000000000000e+00  3.0000000000000000e+00  2.0000000000000000e+00  1.0000000000000000e+00
144   0.0000000000000000e+00  0.0000000000000000e+00  2.6666666666666670e+00  1.0000000000000000e+00
145   3.3333333333333331e-01  0.0000000000000000e+00  2.6666666666666670e+00  1.0000000000000000e+00
146   1.0000000000000000e+00  0.0000000000000000e+00  2.6666666666666670e+00  1.0000000000000000e+00
147   2.0000000000000000e+00  0.0000000000000000e+00  2.6666666666666670e+00  1.0000000000000000e+00
148   2.6666666666666670e+00  0.0000000000000000e+00  2.6666666666666670e+00  1.0000000000000000e+00
149   3.0000000000000000e+00  0.0000000000000000e+00  2.6666666666666670e+00  1.0000000000000000e+00
150   0.0000000000000000e+00  3.3333333333333331e-01  2.6666666666666670e+00  1.0000000000000000e+00
151   3.3333333333333337e-01  3.3333333333333331e-01  2.6666666666666670e+00  1.0000000000000000e+00
152   1.0000000000000000e+00  3.3333333333333331e-01  2.6666666666666670e+00  1.0000000000000000e+00
153   2.0000000000000000e+00  3.3333333333333331e-01  2.6666666666666670e+00  1.0000000000000000e+00
154   2.6666666666666670e+00  3.3333333333333331e-01  2.6666666666666670e+00  1.0000000000000000e+00
155   3.0000000000000000e+00  3.3333333333333331e-01  2.6666666666666670e+00  1.0000000000000000e+00
156   0.0000000000000000e+00  1.0000000000000000e+00  2.6666666666666670e+00  1.0000000000000000e+00
157   3.3333333333333331e-01  1.0000000000000000e+00  2.6666666666666670e+00  1.0000000000000000e+00
158   1.0000000000000000e+00  1.0000000000000000e+00  2.6666666666666670e+00  1.0000000000000000e+00
159   2.0000000000000000e+00  1.0000000000000000e+00  2.6666666666666670e+00  1.0000000000000000e+00
160   2.6666666666666670e+00  1.0000000000000000e+00  2.6666666666666670e+00  1.0000000000000000e+00
161   3.0000000000000000e+00  1.0000000000000000e+00  2.6666666666666670e+00  1.0000000000000000e+00
162   0.0000000000000000e+00  2.0000000000000000e+00  2.6666666666666670e+00  1.0000000000000000e+00
163   3.3333333333333331e-01  2.0000000000000000e+00  2.6666666666666670e+00  1.0000000000000000e+00
164   1.0000000000000000e+00  2.0000000000000000e+00  2.6666666666666670e+00  1.0000000000000000e+00
165   2.0000000000000000e+00  2.0000000000000000e+00  2.6666666666666670e+00  1.0000000000000000e+00
166   2.6666666666666670e+00  2.0000000000000000e+00  2.6666666666666670e+00  1.0000000000000000e+00
167   3.0000000000000000e+00  2.0000000000000000e+00  2.6666666666666670e+00  1.0000000000000000e+00
168   0.0000000000000000e+00  2.6666666666666670e+00  2.6666666666666670e+00  1.0000000000000000e+00
169   3.3333333333333331e-01  2.6666666666666670e+00  2.6666666666666670e+00  1.0000000000000000e+00
170   1.0000000000000000e+00  2.6666666666666670e+00  2.6666666666666670e+00  1.0000000000000000e+00
171   2.0000000000000000e+00  2.6666666666666670e+00  2.6666666666666670e+00  1.0000000000000000e+00
172   2.6666666666666670e+00  2.6666666666666670e+00  2.6666666666666670e+00  1.0000000000000000e+00
173   3.0000000000000000e+00  2.6666666666666670e+00  2.6666666666666670e+00  1.0000000000000000e+00
174   0.0000000000000000e+00  3.0000000000000000e+00  2.6666666666666670e+00  1.0000000000000000e+00
175   3.3333333333333331e-01  3.0000000000000000e+00  2.6666666666666670e+00  1.0000000000000000e+00
176   1.0000000000000000e+00  3.0000000000000000e+00  2.6666666666666670e+00  1.0000000000000000e+00
177   2.0000000000000000e+00  3.0000000000000000e+00  2.6666666666666670e+00  1.0000000000000000e+00
178   2.6666666666666670e+00  3.0000000000000000e+00  2.6666666666666670e+00  1.0000000000000000e+00
179   3.0000000000000000e+00  3.0000000000000000e+00  2.6666666666666670e+00  1.0000000000000000e+00
180   0.0000000000000000e+00  0.0000000000000000e+00  3.0000000000000000e+00  1.0000000000000000e+00
181   3.3333333333333331e-01  0.0000000000000000e+00  3.0000000000000000e+00  1.0000000000000000e+00
182   1.0000000000000000e+00  0.0000000000000000e+00  3.0000000000000000e+00  1.0000000000000000e+00
183   2.0000000000000000e+00  0.0000000000000000e+00  3.0000000000000000e+00  1.0000000000000000e+00
184   2.6666666666666670e+00  0.0000000000000000e+00  3.0000000000000000e+00  1.0000000000000000e+00
185   3.0000000000000000e+00  0.0000000000000000e+00  3.0000000000000000e+00  1.0000000000000000e+00
186   0.0000000000000000e+00  3.3333333333333331e-01  3.0000000000000000e+00  1.0000000000000000e+00
187   3.3333333333333337e-01  3.3333333333333331e-01  3.0000000000000000e+00  1.0000000000000000e+00
188   1.0000000000000000e+00  3.3333333333333331e-01  3.0000000000000000e+00  1.0000000000000000e+00
189   2.0000000000000000e+00  3.3333333333333331e-01  3.0000000000000000e+00  1.0000000000000000e+00
190   2.6666666666666670e+00  3.3333333333333331e-01  3.0000000000000000e+00  1.0000000000000000e+00
191   3.0000000000000000e+00  3.3333333333333331e-01  3.0000000000000000e+00  1.0000000000000000e+00
192   0.0000000000000000e+00  1.0000000000000000e+00  3.0000000000000000e+00  1.0000000000000000e+00
193   3.3333333333333331e-01  1.0000000000000000e+00  3.0000000000000000e+00  1.0000000000000000e+00
194   1.0000000000000000e+00  1.0000000000000000e+00  3.0000000000000000e+00  1.0000000000000000e+00
195   2.0000000000000000e+00  1.0000000000000000e+00  3.0000000000000000e+00  1.0000000000000000e+00
196   2.6666666666666670e+00  1.0000000000000000e+00  3.0000000000000000e+00  1.0000000000000000e+00
197   3.0000000000000000e+00  1.0000000000000000e+00  3.0000000000000000e+00  1.0000000000000000e+00
198   0.0000000000000000e+00  2.0000000000000000e+00  3.0000000000000000e+00  1.0000000000000000e+00
199   3.3333333333333331e-01  2.0000000000000000e+00  3.0000000000000000e+00  1.0000000000000000e+00
200   1.0000000000000000e+00  2.0000000000000000e+00  3.0000000000000000e+00  1.0000000000000000e+00
201   2.0000000000000000e+00  2.0000000000000000e+00  3.0000000000000000e+00  1.0000000000000000e+00
202   2.6666666666666670e+00  2.0000000000000000e+00  3.0000000000000000e+00  1.0000000000000000e+00
203   3.0000000000000000e+00  2.0000000000000000e+00  3.0000000000000000e+00  1.0000000000000000e+00
204   0.0000000000000000e+00  2.6666666666666670e+00  3.0000000000000000e+00  1.0000000000000000e+00
205   3.3333333333333331e-01  2.6666666666666670e+00  3.0000000000000000e+00  1.0000000000000000e+00
206   1.0000000000000000e+00  2.6666666666666670e+00  3.0000000000000000e+00  1.0000000000000000e+00
207   2.0000000000000000e+00  2.6666666666666670e+00  3.0000000000000000e+00  1.0000000000000000e+00
208   2.6666666666666670e+00  2.6666666666666670e+00  3.0000000000000000e+00  1.0000000000000000e+00
209   3.0000000000000000e+00  2.6666666666666670e+00  3.0000000000000000e+00  1.0000000000000000e+00
210   0.0000000000000000e+00  3.0000000000000000e+00  3.0000000000000000e+00  1.0000000000000000e+00
211   3.3333333333333331e-01  3.0000000000000000e+00  3.0000000000000000e+00  1.0000000000000000e+00
212   1.0000000000000000e+00  3.0000000000000000e+00  3.0000000000000000e+00  1.0000000000000000e+00
213   2.0000000000000000e+00  3.0000000000000000e+00  3.0000000000000000e+00  1.0000000000000000e+00
214   2.6666666666666670e+00  3.0000000000000000e+00  3.0000000000000000e+00  1.0000000000000000e+00
215   3.0000000000000000e+00  3.0000000000000000e+00  3.0000000000000000e+00  1.0000000000000000e+00

0    0    0.000000e+00
6    0    0.000000e+00
12   0    0.000000e+00
18   0    0.000000e+00
24   0    0.000000e+00
30   0    0.000000e+00
36   0    0.000000e+00
42   0    0.000000e+00
48   0    0.000000e+00
54   0    0.000000e+00
60   0    0.000000e+00
66   0    0.000000e+00
72   0    0.000000e+00
78   0    0.000000e+00
84   0    0.000000e+00
90   0    0.000000e+00
96   0    0.000000e+00
102  0    0.000000e+00
108  0    0.000000e+00
114  0    0.000000e+00
120  0    0.000000e+00
126  0    0.000000e+00
132  0    0.000000e+00
138  0    0.000000e+00
144  0    0.000000e+00
150  0    0.000000e+00
156  0    0.000000e+00
162  0    0.000000e+00
168  0    0.000000e+00
174  0    0.000000e+00
180  0    0.000000e+00
186  0    0.000000e+00
192  0    0.000000e+00
198  0    0.000000e+00
204  0    0.000000e+00
210  0    0.000000e+00
0    1    0.000000e+00
1    1    0.000000e+00
2    1    0.000000e+00
3    1    0.000000e+00
4    1    0.000000e+00
5    1    0.000000e+00
36   1    0.000000e+00
37   1    0.000000e+00
38   1    0.000000e+00
39   1    0.000000e+00
40   1    0.000000e+00
41   1    0.000000e+00
72   1    0.000000e+00
73   1    0.000000e+00
74   1    0.000000e+00
75   1    0.000000e+00
76   1    0.000000e+00
77   1    0.000000e+00
108  1    0.000000e+00
109  1    0.000000e+00
110  1    0.000000e+00
111  1    0.000000e+00
112  1    0.000000e+00
113  1    0.000000e+00
144  1    0.000000e+00
145  1    0.000000e+00
146  1    0.000000e+00
147  1    0.000000e+00
148  1    0.000000e+00
149  1    0.000000e+00
180  1    0.000000e+00
181  1    0.000000e+00
182  1    0.000000e+00
183  1    0.000000e+00
184  1    0.000000e+00
185  1    0.000000e+00
0    2    0.000000e+00
1    2    0.000000e+00
2    2    0.000000e+00
3    2    0.000000e+00
4    2    0.000000e+00
5    2    0.000000e+00
6    2    0.000000e+00
7    2    0.000000e+00
8    2    0.000000e+00
9    2    0.000000e+00
10   2    0.000000e+00
11   2    0.000000e+00
12   2    0.000000e+00
13   2    0.000000e+00
14   2    0.000000e+00
15   2    0.000000e+00
16   2    0.000000e+00
17   2    0.000000e+00
18   2    0.000000e+00
19   2    0.000000e+00
20   2    0.000000e+00
21   2    0.000000e+00
22   2    0.000000e+00
23   2    0.000000e+00
24   2    0.000000e+00
25   2    0.000000e+00
26   2    0.000000e+00
27   2    0.000000e+00
28   2    0.000000e+00
29   2    0.000000e+00
30   2    0.000000e+00
31   2    0.000000e+00
32   2    0.000000e+00
33   2    0.000000e+00
34   2    0.000000e+00
35   2    0.000000e+00

0    0    1 2    1.000000e+00   0.000000e+00 1.000000e+00   0.000000e+00 1.000000e+00   1.000000e+00 0.000000e+00 0.000000e+00   1.000000e+01 0.000000e+00 0.000000e+00