2

210000  3.000000e-01

1

1156

2    2    

37    37    

34    34    

0     1     2     3     4     5     6     7     8     9     10    11    12    13    14    15    16    17    18    19    20    21    22    23    24    25    26    27    28    29    30    31    32    33    34    35    36    37    38    39    40    41    42    43    44    45    46    47    48    49    50    51    52    53    54    55    56    57    58    59    60    61    62    63    64    65    66    67    68    69    70    71    72    73    74    75    76    77    78    79    80    81    82    83    84    85    86    87    88    89    90    91    92    93    94    95    96    97    98    99    100   101   102   103   104   105   106   107   108   109   110   111   112   113   114   115   116   117   118   119   120   121   122   123   124   125   126   127   128   129   130   131   132   133   134   135   136   137   138   139   140   141   142   143   144   145   146   147   148   149   150   151   152   153   154   155   156   157   158   159   160   161   162   163   164   165   166   167   168   169   170   171   172   173   174   175   176   177   178   179   180   181   182   183   184   185   186   187   188   189   190   191   192   193   194   195   196   197   198   199   200   201   202   203   204   205   206   207   208   209   210   211   212   213   214   215   216   217   218   219   220   221   222   223   224   225   226   227   228   229   230   231   232   233   234   235   236   237   238   239   240   241   242   243   244   245   246   247   248   249   250   251   252   253   254   255   256   257   258   259   260   261   262   263   264   265   266   267   268   269   270   271   272   273   274   275   276   277   278   279   280   281   282   283   284   285   286   287   288   289   290   291   292   293   294   295   296   297   298   299   300   301   302   303   304   305   306   307   308   309   310   311   312   313   314   315   316   317   318   319   320   321   322   323   324   325   326   327   328   329   330   331   332   333   334   335   336   337   338   339   340   341   342   343   344   345   346   347   348   349   350   351   352   353   354   355   356   357   358   359   360   361   362   363   364   365   366   367   368   369   370   371   372   373   374   375   376   377   378   379   380   381   382   383   384   385   386   387   388   389   390   391   392   393   394   395   396   397   398   399   400   401   402   403   404   405   406   407   408   409   410   411   412   413   414   415   416   417   418   419   420   421   422   423   424   425   426   427   428   429   430   431   432   433   434   435   436   437   438   439   440   441   442   443   444   445   446   447   448   449   450   451   452   453   454   455   456   457   458   459   460   461   462   463   464   465   466   467   468   469   470   471   472   473   474   475   476   477   478   479   480   481   482   483   484   485   486   487   488   489   490   491   492   493   494   495   496   497   498   499   500   501   502   503   504   505   506   507   508   509   510   511   512   513   514   515   516   517   518   519   520   521   522   523   524   525   526   527   528   529   530   531   532   533   534   535   536   537   538   539   540   541   542   543   544   545   546   547   548   549   550   551   552   553   554   555   556   557   558   559   560   561   562   563   564   565   566   567   568   569   570   571   572   573   574   575   576   577   578   579   580   581   582   583   584   585   586   587   588   589   590   591   592   593   594   595   596   597   598   599   600   601   602   603   604   605   606   607   608   609   610   611   612   613   614   615   616   617   618   619   620   621   622   623   624   625   626   627   628   629   630   631   632   633   634   635   636   637   638   639   640   641   642   643   644   645   646   647   648   649   650   651   652   653   654   655   656   657   658   659   660   661   662   663   664   665   666   667   668   669   670   671   672   673   674   675   676   677   678   679   680   681   682   683   684   685   686   687   688   689   690   691   692   693   694   695   696   697   698   699   700   701   702   703   704   705   706   707   708   709   710   711   712   713   714   715   716   717   718   719   720   721   722   723   724   725   726   727   728   729   730   731   732   733   734   735   736   737   738   739   740   741   742   743   744   745   746   747   748   749   750   751   752   753   754   755   756   757   758   759   760   761   762   763   764   765   766   767   768   769   770   771   772   773   774   775   776   777   778   779   780   781   782   783   784   785   786   787   788   789   790   791   792   793   794   795   796   797   798   799   800   801   802   803   804   805   806   807   808   809   810   811   812   813   814   815   816   817   818   819   820   821   822   823   824   825   826   827   828   829   830   831   832   833   834   835   836   837   838   839   840   841   842   843   844   845   846   847   848   849   850   851   852   853   854   855   856   857   858   859   860   861   862   863   864   865   866   867   868   869   870   871   872   873   874   875   876   877   878   879   880   881   882   883   884   885   886   887   888   889   890   891   892   893   894   895   896   897   898   899   900   901   902   903   904   905   906   907   908   909   910   911   912   913   914   915   916   917   918   919   920   921   922   923   924   925   926   927   928   929   930   931   932   933   934   935   936   937   938   939   940   941   942   943   944   945   946   947   948   949   950   951   952   953   954   955   956   957   958   959   960   961   962   963   964   965   966   967   968   969   970   971   972   973   974   975   976   977   978   979   980   981   982   983   984   985   986   987   988   989   990   991   992   993   994   995   996   997   998   999   1000  1001  1002  1003  1004  1005  1006  1007  1008  1009  1010  1011  1012  1013  1014  1015  1016  1017  1018  1019  1020  1021  1022  1023  1024  1025  1026  1027  1028  1029  1030  1031  1032  1033  1034  1035  1036  1037  1038  1039  1040  1041  1042  1043  1044  1045  1046  1047  1048  1049  1050  1051  1052  1053  1054  1055  1056  1057  1058  1059  1060  1061  1062  1063  1064  1065  1066  1067  1068  1069  1070  1071  1072  1073  1074  1075  1076  1077  1078  1079  1080  1081  1082  1083  1084  1085  1086  1087  1088  1089  1090  1091  1092  1093  1094  1095  1096  1097  1098  1099  1100  1101  1102  1103  1104  1105  1106  1107  1108  1109  1110  1111  1112  1113  1114  1115  1116  1117  1118  1119  1120  1121  1122  1123  1124  1125  1126  1127  1128  1129  1130  1131  1132  1133  1134  1135  1136  1137  1138  1139  1140  1141  1142  1143  1144  1145  1146  1147  1148  1149  1150  1151  1152  1153  1154  1155

0   0     0

0.0    0.0    0.0    0.03125    0.0625    0.09375    0.125    0.15625    0.1875    0.21875    0.25    0.28125    0.3125    0.34375    0.375    0.40625    0.4375    0.46875    0.5    0.53125    0.5625    0.59375    0.625    0.65625    0.6875    0.71875    0.75    0.78125    0.8125    0.84375    0.875    0.90625    0.9375    0.96875    1.0    1.0    1.0    
0.0    0.0    0.0    0.03125    0.0625    0.09375    0.125    0.15625    0.1875    0.21875    0.25    0.28125    0.3125    0.34375    0.375    0.40625    0.4375    0.46875    0.5    0.53125    0.5625    0.59375    0.625    0.65625    0.6875    0.71875    0.75    0.78125    0.8125    0.84375    0.875    0.90625    0.9375    0.96875    1.0    1.0    1.0    

0 5.000000000000000e+00   0.000000000000000e+00   1.000000000000000e+00
1 5.000000000000000e+00   1.115060396500940e-01   9.908470869120800e-01
2 4.989970451182670e+00   3.362597999421620e-01   9.736853748722290e-01
3 4.969408101948730e+00   5.641747825662580e-01   9.576677769683680e-01
4 4.937850970861210e+00   7.945823616087330e-01   9.427942932004980e-01
5 4.894887593404240e+00   1.026751030680400e+00   9.290649235686170e-01
6 4.840166257798120e+00   1.259890432476030e+00   9.164796680727270e-01
7 4.773403983425040e+00   1.493156886339850e+00   9.050385267128260e-01
8 4.694394973122190e+00   1.725660426309200e+00   8.947414994889150e-01
9 4.603018257689230e+00   1.956473308950750e+00   8.855885864009950e-01
10 4.499244249599920e+00   2.184639892195100e+00   8.775797874490650e-01
11 4.383139934778060e+00   2.409187726067840e+00   8.707151026331240e-01
12 4.254872457349950e+00   2.629139637022560e+00   8.649945319531740e-01
13 4.114710892564960e+00   2.843526533171050e+00   8.604180754092140e-01
14 3.963026056585810e+00   3.051400611826080e+00   8.569857330012440e-01
15 3.800288266519740e+00   3.251848616928760e+00   8.546975047292640e-01
16 3.627063036811940e+00   3.444004775053530e+00   8.535533905932740e-01
17 3.444004775053530e+00   3.627063036811940e+00   8.535533905932740e-01
18 3.251848616928760e+00   3.800288266519740e+00   8.546975047292640e-01
19 3.051400611826080e+00   3.963026056585810e+00   8.569857330012440e-01
20 2.843526533171050e+00   4.114710892564960e+00   8.604180754092140e-01
21 2.629139637022560e+00   4.254872457349950e+00   8.649945319531740e-01
22 2.409187726067840e+00   4.383139934778060e+00   8.707151026331250e-01
23 2.184639892195100e+00   4.499244249599920e+00   8.775797874490650e-01
24 1.956473308950750e+00   4.603018257689230e+00   8.855885864009950e-01
25 1.725660426309200e+00   4.694394973122190e+00   8.947414994889160e-01
26 1.493156886339850e+00   4.773403983425040e+00   9.050385267128260e-01
27 1.259890432476030e+00   4.840166257798120e+00   9.164796680727260e-01
28 1.026751030680400e+00   4.894887593404240e+00   9.290649235686170e-01
29 7.945823616087330e-01   4.937850970861210e+00   9.427942932004980e-01
30 5.641747825662580e-01   4.969408101948730e+00   9.576677769683680e-01
31 3.362597999421620e-01   4.989970451182670e+00   9.736853748722290e-01
32 1.115060396500940e-01   5.000000000000000e+00   9.908470869120800e-01
33 1.530808498934190e-16   5.000000000000000e+00   1.000000000000000e+00
34 5.156250000000000e+00   0.000000000000000e+00   1.000000000000000e+00
35 5.156250000000000e+00   1.149906033891590e-01   9.908470869120800e-01
36 5.145907027782130e+00   3.467679186903540e-01   9.736853748722290e-01
37 5.124702105134630e+00   5.818052445214540e-01   9.576677769683680e-01
38 5.092158813700630e+00   8.194130604090060e-01   9.427942932004980e-01
39 5.047852830698130e+00   1.058837000389160e+00   9.290649235686170e-01
40 4.991421453354310e+00   1.299262008490900e+00   9.164796680727270e-01
41 4.922572857907070e+00   1.539818039037970e+00   9.050385267128260e-01
42 4.841094816032260e+00   1.779587314631370e+00   8.947414994889160e-01
43 4.746862578242020e+00   2.017613099855470e+00   8.855885864009950e-01
44 4.639845632399920e+00   2.252909888826200e+00   8.775797874490650e-01
45 4.520113057739870e+00   2.484474842507460e+00   8.707151026331250e-01
46 4.387837221642140e+00   2.711300250679520e+00   8.649945319531740e-01
47 4.243295607957610e+00   2.932386737332650e+00   8.604180754092140e-01
48 4.086870620854120e+00   3.146756880945650e+00   8.569857330012440e-01
49 3.919047274848480e+00   3.353468886207780e+00   8.546975047292640e-01
50 3.740408756712310e+00   3.551629924273960e+00   8.535533905932740e-01
51 3.551629924273960e+00   3.740408756712320e+00   8.535533905932740e-01
52 3.353468886207780e+00   3.919047274848480e+00   8.546975047292640e-01
53 3.146756880945650e+00   4.086870620854120e+00   8.569857330012440e-01
54 2.932386737332650e+00   4.243295607957610e+00   8.604180754092140e-01
55 2.711300250679520e+00   4.387837221642140e+00   8.649945319531740e-01
56 2.484474842507460e+00   4.520113057739870e+00   8.707151026331250e-01
57 2.252909888826200e+00   4.639845632399910e+00   8.775797874490650e-01
58 2.017613099855470e+00   4.746862578242020e+00   8.855885864009950e-01
59 1.779587314631370e+00   4.841094816032260e+00   8.947414994889160e-01
60 1.539818039037970e+00   4.922572857907070e+00   9.050385267128260e-01
61 1.299262008490900e+00   4.991421453354310e+00   9.164796680727260e-01
62 1.058837000389160e+00   5.047852830698130e+00   9.290649235686170e-01
63 8.194130604090060e-01   5.092158813700630e+00   9.427942932004980e-01
64 5.818052445214530e-01   5.124702105134630e+00   9.576677769683680e-01
65 3.467679186903540e-01   5.145907027782130e+00   9.736853748722290e-01
66 1.149906033891590e-01   5.156250000000000e+00   9.908470869120800e-01
67 1.578646264525890e-16   5.156250000000000e+00   1.000000000000000e+00
68 5.468750000000000e+00   0.000000000000000e+00   1.000000000000000e+00
69 5.468750000000000e+00   1.219597308672900e-01   9.908470869120800e-01
70 5.457780180981050e+00   3.677841561867390e-01   9.736853748722290e-01
71 5.435290111506430e+00   6.170661684318450e-01   9.576677769683680e-01
72 5.400774499379450e+00   8.690744580095520e-01   9.427942932004980e-01
73 5.353783305285890e+00   1.123008939806690e+00   9.290649235686170e-01
74 5.293931844466700e+00   1.378005160520650e+00   9.164796680727260e-01
75 5.220910606871130e+00   1.633140344434210e+00   9.050385267128260e-01
76 5.134494501852400e+00   1.887441091275690e+00   8.947414994889160e-01
77 5.034551219347590e+00   2.139892681664890e+00   8.855885864009950e-01
78 4.921048397999910e+00   2.389449882088390e+00   8.775797874490650e-01
79 4.794059303663500e+00   2.635049075386700e+00   8.707151026331250e-01
80 4.653766750226510e+00   2.875621477993430e+00   8.649945319531740e-01
81 4.500465038742920e+00   3.110107145655840e+00   8.604180754092140e-01
82 4.334559749390730e+00   3.337469419184780e+00   8.569857330012440e-01
83 4.156565291505960e+00   3.556709424765830e+00   8.546975047292640e-01
84 3.967100196513060e+00   3.766880222714800e+00   8.535533905932740e-01
85 3.766880222714800e+00   3.967100196513060e+00   8.535533905932740e-01
86 3.556709424765830e+00   4.156565291505960e+00   8.546975047292640e-01
87 3.337469419184780e+00   4.334559749390730e+00   8.569857330012440e-01
88 3.110107145655840e+00   4.500465038742920e+00   8.604180754092140e-01
89 2.875621477993430e+00   4.653766750226510e+00   8.649945319531740e-01
90 2.635049075386700e+00   4.794059303663500e+00   8.707151026331250e-01
91 2.389449882088390e+00   4.921048397999910e+00   8.775797874490650e-01
92 2.139892681664890e+00   5.034551219347590e+00   8.855885864009950e-01
93 1.887441091275690e+00   5.134494501852400e+00   8.947414994889160e-01
94 1.633140344434210e+00   5.220910606871130e+00   9.050385267128260e-01
95 1.378005160520650e+00   5.293931844466690e+00   9.164796680727270e-01
96 1.123008939806690e+00   5.353783305285890e+00   9.290649235686170e-01
97 8.690744580095520e-01   5.400774499379450e+00   9.427942932004980e-01
98 6.170661684318440e-01   5.435290111506430e+00   9.576677769683680e-01
99 3.677841561867390e-01   5.457780180981050e+00   9.736853748722290e-01
100 1.219597308672900e-01   5.468750000000000e+00   9.908470869120800e-01
101 1.674321795709270e-16   5.468750000000000e+00   1.000000000000000e+00
102 5.781250000000000e+00   0.000000000000000e+00   1.000000000000000e+00
103 5.781250000000000e+00   1.289288583454210e-01   9.908470869120800e-01
104 5.769653334179960e+00   3.888003936831240e-01   9.736853748722290e-01
105 5.745878117878220e+00   6.523270923422360e-01   9.576677769683680e-01
106 5.709390185058280e+00   9.187358556100980e-01   9.427942932004980e-01
107 5.659713779873660e+00   1.187180879224210e+00   9.290649235686170e-01
108 5.596442235579080e+00   1.456748312550410e+00   9.164796680727260e-01
109 5.519248355835200e+00   1.726462649830450e+00   9.050385267128260e-01
110 5.427894187672540e+00   1.995294867920020e+00   8.947414994889160e-01
111 5.322239860453170e+00   2.262172263474310e+00   8.855885864009950e-01
112 5.202251163599910e+00   2.525989875350580e+00   8.775797874490650e-01
113 5.068005549587130e+00   2.785623308265940e+00   8.707151026331250e-01
114 4.919696278810880e+00   3.039942705307340e+00   8.649945319531740e-01
115 4.757634469528230e+00   3.287827553979030e+00   8.604180754092140e-01
116 4.582248877927340e+00   3.528181957423910e+00   8.569857330012440e-01
117 4.394083308163450e+00   3.759949963323880e+00   8.546975047292640e-01
118 4.193791636313810e+00   3.982130521155650e+00   8.535533905932740e-01
119 3.982130521155650e+00   4.193791636313810e+00   8.535533905932740e-01
120 3.759949963323880e+00   4.394083308163450e+00   8.546975047292640e-01
121 3.528181957423910e+00   4.582248877927340e+00   8.569857330012440e-01
122 3.287827553979030e+00   4.757634469528230e+00   8.604180754092140e-01
123 3.039942705307340e+00   4.919696278810880e+00   8.649945319531740e-01
124 2.785623308265940e+00   5.068005549587130e+00   8.707151026331250e-01
125 2.525989875350580e+00   5.202251163599910e+00   8.775797874490650e-01
126 2.262172263474310e+00   5.322239860453170e+00   8.855885864009950e-01
127 1.995294867920020e+00   5.427894187672540e+00   8.947414994889160e-01
128 1.726462649830450e+00   5.519248355835200e+00   9.050385267128260e-01
129 1.456748312550410e+00   5.596442235579080e+00   9.164796680727270e-01
130 1.187180879224210e+00   5.659713779873650e+00   9.290649235686170e-01
131 9.187358556100970e-01   5.709390185058280e+00   9.427942932004980e-01
132 6.523270923422360e-01   5.745878117878220e+00   9.576677769683680e-01
133 3.888003936831240e-01   5.769653334179960e+00   9.736853748722290e-01
134 1.289288583454210e-01   5.781250000000000e+00   9.908470869120800e-01
135 1.769997326892660e-16   5.781250000000000e+00   1.000000000000000e+00
136 6.093750000000000e+00   0.000000000000000e+00   1.000000000000000e+00
137 6.093750000000000e+00   1.358979858235520e-01   9.908470869120800e-01
138 6.081526487378880e+00   4.098166311795100e-01   9.736853748722290e-01
139 6.056466124250020e+00   6.875880162526270e-01   9.576677769683680e-01
140 6.018005870737100e+00   9.683972532106440e-01   9.427942932004980e-01
141 5.965644254461420e+00   1.251352818641740e+00   9.290649235686170e-01
142 5.898952626691460e+00   1.535491464580160e+00   9.164796680727270e-01
143 5.817586104799260e+00   1.819784955226690e+00   9.050385267128260e-01
144 5.721293873492670e+00   2.103148644564340e+00   8.947414994889160e-01
145 5.609928501558750e+00   2.384451845283730e+00   8.855885864009950e-01
146 5.483453929199900e+00   2.662529868612780e+00   8.775797874490650e-01
147 5.341951795510760e+00   2.936197541145180e+00   8.707151026331250e-01
148 5.185625807395250e+00   3.204263932621250e+00   8.649945319531740e-01
149 5.014803900313540e+00   3.465547962302220e+00   8.604180754092140e-01
150 4.829938006463960e+00   3.718894495663040e+00   8.569857330012440e-01
151 4.631601324820930e+00   3.963190501881930e+00   8.546975047292640e-01
152 4.420483076114550e+00   4.197380819596490e+00   8.535533905932740e-01
153 4.197380819596490e+00   4.420483076114550e+00   8.535533905932740e-01
154 3.963190501881930e+00   4.631601324820930e+00   8.546975047292640e-01
155 3.718894495663040e+00   4.829938006463960e+00   8.569857330012440e-01
156 3.465547962302220e+00   5.014803900313540e+00   8.604180754092140e-01
157 3.204263932621250e+00   5.185625807395250e+00   8.649945319531740e-01
158 2.936197541145180e+00   5.341951795510760e+00   8.707151026331250e-01
159 2.662529868612780e+00   5.483453929199900e+00   8.775797874490650e-01
160 2.384451845283730e+00   5.609928501558750e+00   8.855885864009950e-01
161 2.103148644564340e+00   5.721293873492670e+00   8.947414994889160e-01
162 1.819784955226690e+00   5.817586104799260e+00   9.050385267128260e-01
163 1.535491464580160e+00   5.898952626691460e+00   9.164796680727270e-01
164 1.251352818641740e+00   5.965644254461420e+00   9.290649235686170e-01
165 9.683972532106430e-01   6.018005870737100e+00   9.427942932004980e-01
166 6.875880162526270e-01   6.056466124250020e+00   9.576677769683680e-01
167 4.098166311795090e-01   6.081526487378880e+00   9.736853748722290e-01
168 1.358979858235520e-01   6.093750000000000e+00   9.908470869120800e-01
169 1.865672858076050e-16   6.093750000000000e+00   1.000000000000000e+00
170 6.406250000000000e+00   0.000000000000000e+00   1.000000000000000e+00
171 6.406250000000000e+00   1.428671133016820e-01   9.908470869120800e-01
172 6.393399640577800e+00   4.308328686758950e-01   9.736853748722290e-01
173 6.367054130621810e+00   7.228489401630180e-01   9.576677769683680e-01
174 6.326621556415930e+00   1.018058650811190e+00   9.427942932004980e-01
175 6.271574729049190e+00   1.315524758059260e+00   9.290649235686170e-01
176 6.201463017803840e+00   1.614234616609910e+00   9.164796680727260e-01
177 6.115923853763330e+00   1.913107260622940e+00   9.050385267128260e-01
178 6.014693559312810e+00   2.211002421208670e+00   8.947414994889160e-01
179 5.897617142664320e+00   2.506731427093150e+00   8.855885864009950e-01
180 5.764656694799900e+00   2.799069861874970e+00   8.775797874490650e-01
181 5.615898041434390e+00   3.086771774024420e+00   8.707151026331250e-01
182 5.451555335979620e+00   3.368585159935160e+00   8.649945319531740e-01
183 5.271973331098860e+00   3.643268370625410e+00   8.604180754092140e-01
184 5.077627135000570e+00   3.909607033902170e+00   8.569857330012440e-01
185 4.869119341478410e+00   4.166431040439980e+00   8.546975047292640e-01
186 4.647174515915300e+00   4.412631118037340e+00   8.535533905932740e-01
187 4.412631118037340e+00   4.647174515915300e+00   8.535533905932740e-01
188 4.166431040439970e+00   4.869119341478410e+00   8.546975047292640e-01
189 3.909607033902170e+00   5.077627135000570e+00   8.569857330012440e-01
190 3.643268370625410e+00   5.271973331098850e+00   8.604180754092140e-01
191 3.368585159935160e+00   5.451555335979620e+00   8.649945319531740e-01
192 3.086771774024420e+00   5.615898041434390e+00   8.707151026331250e-01
193 2.799069861874970e+00   5.764656694799900e+00   8.775797874490650e-01
194 2.506731427093150e+00   5.897617142664320e+00   8.855885864009950e-01
195 2.211002421208670e+00   6.014693559312810e+00   8.947414994889160e-01
196 1.913107260622940e+00   6.115923853763330e+00   9.050385267128260e-01
197 1.614234616609910e+00   6.201463017803840e+00   9.164796680727270e-01
198 1.315524758059260e+00   6.271574729049180e+00   9.290649235686170e-01
199 1.018058650811190e+00   6.326621556415930e+00   9.427942932004980e-01
200 7.228489401630180e-01   6.367054130621810e+00   9.576677769683680e-01
201 4.308328686758940e-01   6.393399640577800e+00   9.736853748722290e-01
202 1.428671133016820e-01   6.406250000000000e+00   9.908470869120800e-01
203 1.961348389259430e-16   6.406250000000000e+00   1.000000000000000e+00
204 6.718750000000000e+00   0.000000000000000e+00   1.000000000000000e+00
205 6.718750000000000e+00   1.498362407798130e-01   9.908470869120800e-01
206 6.705272793776710e+00   4.518491061722800e-01   9.736853748722290e-01
207 6.677642136993610e+00   7.581098640734090e-01   9.576677769683680e-01
208 6.635237242094750e+00   1.067720048411740e+00   9.427942932004980e-01
209 6.577505203636950e+00   1.379696697476790e+00   9.290649235686170e-01
210 6.503973408916230e+00   1.692977768639660e+00   9.164796680727260e-01
211 6.414261602727390e+00   2.006429566019180e+00   9.050385267128260e-01
212 6.308093245132950e+00   2.318856197852990e+00   8.947414994889160e-01
213 6.185305783769900e+00   2.629011008902580e+00   8.855885864009950e-01
214 6.045859460399890e+00   2.935609855137170e+00   8.775797874490650e-01
215 5.889844287358010e+00   3.237346006903660e+00   8.707151026331250e-01
216 5.717484864563990e+00   3.532906387249070e+00   8.649945319531740e-01
217 5.529142761884160e+00   3.820988778948600e+00   8.604180754092140e-01
218 5.325316263537180e+00   4.100319572141300e+00   8.569857330012440e-01
219 5.106637358135900e+00   4.369671578998020e+00   8.546975047292640e-01
220 4.873865955716050e+00   4.627881416478190e+00   8.535533905932740e-01
221 4.627881416478190e+00   4.873865955716050e+00   8.535533905932740e-01
222 4.369671578998020e+00   5.106637358135900e+00   8.546975047292640e-01
223 4.100319572141300e+00   5.325316263537180e+00   8.569857330012440e-01
224 3.820988778948600e+00   5.529142761884160e+00   8.604180754092140e-01
225 3.532906387249070e+00   5.717484864563990e+00   8.649945319531740e-01
226 3.237346006903660e+00   5.889844287358010e+00   8.707151026331250e-01
227 2.935609855137170e+00   6.045859460399890e+00   8.775797874490650e-01
228 2.629011008902580e+00   6.185305783769900e+00   8.855885864009950e-01
229 2.318856197852990e+00   6.308093245132950e+00   8.947414994889160e-01
230 2.006429566019180e+00   6.414261602727390e+00   9.050385267128260e-01
231 1.692977768639660e+00   6.503973408916220e+00   9.164796680727270e-01
232 1.379696697476790e+00   6.577505203636950e+00   9.290649235686170e-01
233 1.067720048411730e+00   6.635237242094750e+00   9.427942932004980e-01
234 7.581098640734090e-01   6.677642136993610e+00   9.576677769683680e-01
235 4.518491061722800e-01   6.705272793776710e+00   9.736853748722290e-01
236 1.498362407798130e-01   6.718750000000000e+00   9.908470869120800e-01
237 2.057023920442820e-16   6.718750000000000e+00   1.000000000000000e+00
238 7.031250000000000e+00   0.000000000000000e+00   1.000000000000000e+00
239 7.031250000000000e+00   1.568053682579440e-01   9.908470869120800e-01
240 7.017145946975630e+00   4.728653436686650e-01   9.736853748722290e-01
241 6.988230143365410e+00   7.933707879838010e-01   9.576677769683680e-01
242 6.943852927773580e+00   1.117381446012280e+00   9.427942932004980e-01
243 6.883435678224720e+00   1.443868636894310e+00   9.290649235686170e-01
244 6.806483800028610e+00   1.771720920669410e+00   9.164796680727260e-01
245 6.712599351691460e+00   2.099751871415420e+00   9.050385267128260e-01
246 6.601492930953080e+00   2.426709974497320e+00   8.947414994889160e-01
247 6.472994424875480e+00   2.751290590712000e+00   8.855885864009950e-01
248 6.327062225999890e+00   3.072149848399360e+00   8.775797874490650e-01
249 6.163790533281640e+00   3.387920239782900e+00   8.707151026331250e-01
250 5.983414393148370e+00   3.697227614562980e+00   8.649945319531740e-01
251 5.786312192669470e+00   3.998709187271790e+00   8.604180754092140e-01
252 5.573005392073800e+00   4.291032110380430e+00   8.569857330012440e-01
253 5.344155374793380e+00   4.572912117556070e+00   8.546975047292640e-01
254 5.100557395516790e+00   4.843131714919030e+00   8.535533905932740e-01
255 4.843131714919030e+00   5.100557395516790e+00   8.535533905932740e-01
256 4.572912117556070e+00   5.344155374793380e+00   8.546975047292640e-01
257 4.291032110380430e+00   5.573005392073800e+00   8.569857330012440e-01
258 3.998709187271790e+00   5.786312192669470e+00   8.604180754092140e-01
259 3.697227614562980e+00   5.983414393148370e+00   8.649945319531740e-01
260 3.387920239782900e+00   6.163790533281640e+00   8.707151026331250e-01
261 3.072149848399360e+00   6.327062225999890e+00   8.775797874490650e-01
262 2.751290590712000e+00   6.472994424875480e+00   8.855885864009950e-01
263 2.426709974497320e+00   6.601492930953080e+00   8.947414994889160e-01
264 2.099751871415420e+00   6.712599351691450e+00   9.050385267128260e-01
265 1.771720920669410e+00   6.806483800028600e+00   9.164796680727270e-01
266 1.443868636894310e+00   6.883435678224710e+00   9.290649235686170e-01
267 1.117381446012280e+00   6.943852927773580e+00   9.427942932004980e-01
268 7.933707879838000e-01   6.988230143365410e+00   9.576677769683680e-01
269 4.728653436686650e-01   7.017145946975630e+00   9.736853748722290e-01
270 1.568053682579440e-01   7.031250000000000e+00   9.908470869120800e-01
271 2.152699451626210e-16   7.031250000000000e+00   1.000000000000000e+00
272 7.343750000000000e+00   0.000000000000000e+00   1.000000000000000e+00
273 7.343750000000000e+00   1.637744957360750e-01   9.908470869120800e-01
274 7.329019100174550e+00   4.938815811650500e-01   9.736853748722290e-01
275 7.298818149737200e+00   8.286317118941920e-01   9.576677769683680e-01
276 7.252468613452410e+00   1.167042843612830e+00   9.427942932004980e-01
277 7.189366152812480e+00   1.508040576311840e+00   9.290649235686170e-01
278 7.108994191140990e+00   1.850464072699160e+00   9.164796680727270e-01
279 7.010937100655520e+00   2.193074176811660e+00   9.050385267128260e-01
280 6.894892616773220e+00   2.534563751141640e+00   8.947414994889160e-01
281 6.760683065981050e+00   2.873570172521420e+00   8.855885864009950e-01
282 6.608264991599880e+00   3.208689841661550e+00   8.775797874490650e-01
283 6.437736779205270e+00   3.538494472662140e+00   8.707151026331250e-01
284 6.249343921732740e+00   3.861548841876890e+00   8.649945319531740e-01
285 6.043481623454780e+00   4.176429595594980e+00   8.604180754092140e-01
286 5.820694520610410e+00   4.481744648619560e+00   8.569857330012440e-01
287 5.581673391450860e+00   4.776152656114120e+00   8.546975047292640e-01
288 5.327248835317540e+00   5.058382013359880e+00   8.535533905932740e-01
289 5.058382013359880e+00   5.327248835317540e+00   8.535533905932740e-01
290 4.776152656114120e+00   5.581673391450860e+00   8.546975047292640e-01
291 4.481744648619560e+00   5.820694520610410e+00   8.569857330012440e-01
292 4.176429595594980e+00   6.043481623454780e+00   8.604180754092140e-01
293 3.861548841876890e+00   6.249343921732740e+00   8.649945319531740e-01
294 3.538494472662140e+00   6.437736779205270e+00   8.707151026331250e-01
295 3.208689841661550e+00   6.608264991599880e+00   8.775797874490650e-01
296 2.873570172521420e+00   6.760683065981050e+00   8.855885864009950e-01
297 2.534563751141640e+00   6.894892616773220e+00   8.947414994889160e-01
298 2.193074176811660e+00   7.010937100655520e+00   9.050385267128260e-01
299 1.850464072699160e+00   7.108994191140990e+00   9.164796680727270e-01
300 1.508040576311840e+00   7.189366152812480e+00   9.290649235686170e-01
301 1.167042843612830e+00   7.252468613452410e+00   9.427942932004980e-01
302 8.286317118941910e-01   7.298818149737200e+00   9.576677769683680e-01
303 4.938815811650500e-01   7.329019100174550e+00   9.736853748722290e-01
304 1.637744957360750e-01   7.343750000000000e+00   9.908470869120800e-01
305 2.248374982809590e-16   7.343750000000000e+00   1.000000000000000e+00
306 7.656250000000000e+00   0.000000000000000e+00   1.000000000000000e+00
307 7.656250000000000e+00   1.707436232142060e-01   9.908470869120800e-01
308 7.640892253373470e+00   5.148978186614350e-01   9.736853748722290e-01
309 7.609406156109000e+00   8.638926358045830e-01   9.576677769683680e-01
310 7.561084299131230e+00   1.216704241213370e+00   9.427942932004980e-01
311 7.495296627400250e+00   1.572212515729360e+00   9.290649235686170e-01
312 7.411504582253370e+00   1.929207224728920e+00   9.164796680727260e-01
313 7.309274849619590e+00   2.286396482207900e+00   9.050385267128260e-01
314 7.188292302593360e+00   2.642417527785970e+00   8.947414994889160e-01
315 7.048371707086630e+00   2.995849754330840e+00   8.855885864009950e-01
316 6.889467757199870e+00   3.345229834923750e+00   8.775797874490650e-01
317 6.711683025128900e+00   3.689068705541380e+00   8.707151026331250e-01
318 6.515273450317110e+00   4.025870069190800e+00   8.649945319531740e-01
319 6.300651054240090e+00   4.354150003918170e+00   8.604180754092140e-01
320 6.068383649147020e+00   4.672457186858690e+00   8.569857330012440e-01
321 5.819191408108350e+00   4.979393194672160e+00   8.546975047292640e-01
322 5.553940275118290e+00   5.273632311800720e+00   8.535533905932740e-01
323 5.273632311800720e+00   5.553940275118290e+00   8.535533905932740e-01
324 4.979393194672160e+00   5.819191408108350e+00   8.546975047292640e-01
325 4.672457186858690e+00   6.068383649147020e+00   8.569857330012440e-01
326 4.354150003918170e+00   6.300651054240090e+00   8.604180754092140e-01
327 4.025870069190800e+00   6.515273450317110e+00   8.649945319531740e-01
328 3.689068705541380e+00   6.711683025128900e+00   8.707151026331250e-01
329 3.345229834923750e+00   6.889467757199870e+00   8.775797874490650e-01
330 2.995849754330840e+00   7.048371707086630e+00   8.855885864009950e-01
331 2.642417527785970e+00   7.188292302593350e+00   8.947414994889160e-01
332 2.286396482207900e+00   7.309274849619590e+00   9.050385267128260e-01
333 1.929207224728920e+00   7.411504582253370e+00   9.164796680727270e-01
334 1.572212515729360e+00   7.495296627400250e+00   9.290649235686170e-01
335 1.216704241213370e+00   7.561084299131230e+00   9.427942932004980e-01
336 8.638926358045820e-01   7.609406156109000e+00   9.576677769683680e-01
337 5.148978186614350e-01   7.640892253373470e+00   9.736853748722290e-01
338 1.707436232142060e-01   7.656250000000000e+00   9.908470869120800e-01
339 2.344050513992980e-16   7.656250000000000e+00   1.000000000000000e+00
340 7.968750000000000e+00   0.000000000000000e+00   1.000000000000000e+00
341 7.968750000000000e+00   1.777127506923370e-01   9.908470869120800e-01
342 7.952765406572380e+00   5.359140561578200e-01   9.736853748722290e-01
343 7.919994162480790e+00   8.991535597149740e-01   9.576677769683680e-01
344 7.869699984810060e+00   1.266365638813920e+00   9.427942932004980e-01
345 7.801227101988010e+00   1.636384455146890e+00   9.290649235686170e-01
346 7.714014973365760e+00   2.007950376758670e+00   9.164796680727260e-01
347 7.607612598583650e+00   2.379718787604140e+00   9.050385267128260e-01
348 7.481691988413490e+00   2.750271304430290e+00   8.947414994889160e-01
349 7.336060348192210e+00   3.118129336140260e+00   8.855885864009950e-01
350 7.170670522799870e+00   3.481769828185940e+00   8.775797874490650e-01
351 6.985629271052530e+00   3.839642938420620e+00   8.707151026331250e-01
352 6.781202978901480e+00   4.190191296504710e+00   8.649945319531740e-01
353 6.557820485025400e+00   4.531870412241360e+00   8.604180754092140e-01
354 6.316072777683640e+00   4.863169725097820e+00   8.569857330012440e-01
355 6.056709424765830e+00   5.182633733230210e+00   8.546975047292640e-01
356 5.780631714919030e+00   5.488882610241570e+00   8.535533905932740e-01
357 5.488882610241570e+00   5.780631714919030e+00   8.535533905932740e-01
358 5.182633733230210e+00   6.056709424765830e+00   8.546975047292640e-01
359 4.863169725097820e+00   6.316072777683630e+00   8.569857330012440e-01
360 4.531870412241360e+00   6.557820485025400e+00   8.604180754092140e-01
361 4.190191296504710e+00   6.781202978901480e+00   8.649945319531740e-01
362 3.839642938420620e+00   6.985629271052530e+00   8.707151026331250e-01
363 3.481769828185940e+00   7.170670522799870e+00   8.775797874490650e-01
364 3.118129336140260e+00   7.336060348192210e+00   8.855885864009950e-01
365 2.750271304430290e+00   7.481691988413490e+00   8.947414994889160e-01
366 2.379718787604140e+00   7.607612598583650e+00   9.050385267128260e-01
367 2.007950376758670e+00   7.714014973365750e+00   9.164796680727270e-01
368 1.636384455146890e+00   7.801227101988010e+00   9.290649235686170e-01
369 1.266365638813920e+00   7.869699984810060e+00   9.427942932004980e-01
370 8.991535597149730e-01   7.919994162480790e+00   9.576677769683680e-01
371 5.359140561578200e-01   7.952765406572380e+00   9.736853748722290e-01
372 1.777127506923370e-01   7.968750000000000e+00   9.908470869120800e-01
373 2.439726045176370e-16   7.968750000000000e+00   1.000000000000000e+00
374 8.281250000000000e+00   0.000000000000000e+00   1.000000000000000e+00
375 8.281250000000000e+00   1.846818781704670e-01   9.908470869120800e-01
376 8.264638559771300e+00   5.569302936542050e-01   9.736853748722290e-01
377 8.230582168852590e+00   9.344144836253650e-01   9.576677769683680e-01
378 8.178315670488880e+00   1.316027036414460e+00   9.427942932004980e-01
379 8.107157576575780e+00   1.700556394564410e+00   9.290649235686170e-01
380 8.016525364478140e+00   2.086693528788420e+00   9.164796680727260e-01
381 7.905950347547720e+00   2.473041093000380e+00   9.050385267128260e-01
382 7.775091674233630e+00   2.858125081074620e+00   8.947414994889160e-01
383 7.623748989297780e+00   3.240408917949690e+00   8.855885864009950e-01
384 7.451873288399860e+00   3.618309821448130e+00   8.775797874490650e-01
385 7.259575516976160e+00   3.990217171299860e+00   8.707151026331250e-01
386 7.047132507485850e+00   4.354512523818620e+00   8.649945319531740e-01
387 6.814989915810710e+00   4.709590820564550e+00   8.604180754092140e-01
388 6.563761906220250e+00   5.053882263336950e+00   8.569857330012440e-01
389 6.294227441423320e+00   5.385874271788260e+00   8.546975047292640e-01
390 6.007323154719780e+00   5.704132908682420e+00   8.535533905932740e-01
391 5.704132908682420e+00   6.007323154719780e+00   8.535533905932740e-01
392 5.385874271788260e+00   6.294227441423310e+00   8.546975047292640e-01
393 5.053882263336950e+00   6.563761906220250e+00   8.569857330012440e-01
394 4.709590820564550e+00   6.814989915810710e+00   8.604180754092140e-01
395 4.354512523818620e+00   7.047132507485850e+00   8.649945319531740e-01
396 3.990217171299860e+00   7.259575516976160e+00   8.707151026331250e-01
397 3.618309821448130e+00   7.451873288399860e+00   8.775797874490650e-01
398 3.240408917949690e+00   7.623748989297780e+00   8.855885864009950e-01
399 2.858125081074620e+00   7.775091674233630e+00   8.947414994889160e-01
400 2.473041093000380e+00   7.905950347547720e+00   9.050385267128260e-01
401 2.086693528788420e+00   8.016525364478140e+00   9.164796680727270e-01
402 1.700556394564410e+00   8.107157576575780e+00   9.290649235686170e-01
403 1.316027036414460e+00   8.178315670488880e+00   9.427942932004980e-01
404 9.344144836253650e-01   8.230582168852590e+00   9.576677769683680e-01
405 5.569302936542050e-01   8.264638559771300e+00   9.736853748722290e-01
406 1.846818781704680e-01   8.281250000000000e+00   9.908470869120800e-01
407 2.535401576359760e-16   8.281250000000000e+00   1.000000000000000e+00
408 8.593750000000000e+00   0.000000000000000e+00   1.000000000000000e+00
409 8.593750000000000e+00   1.916510056485980e-01   9.908470869120800e-01
410 8.576511712970220e+00   5.779465311505900e-01   9.736853748722290e-01
411 8.541170175224380e+00   9.696754075357560e-01   9.576677769683680e-01
412 8.486931356167710e+00   1.365688434015010e+00   9.427942932004980e-01
413 8.413088051163540e+00   1.764728333981940e+00   9.290649235686170e-01
414 8.319035755590520e+00   2.165436680818170e+00   9.164796680727270e-01
415 8.204288096511780e+00   2.566363398396620e+00   9.050385267128260e-01
416 8.068491360053770e+00   2.965978857718940e+00   8.947414994889160e-01
417 7.911437630403360e+00   3.362688499759110e+00   8.855885864009950e-01
418 7.733076053999860e+00   3.754849814710330e+00   8.775797874490650e-01
419 7.533521762899790e+00   4.140791404179100e+00   8.707151026331250e-01
420 7.313062036070220e+00   4.518833751132530e+00   8.649945319531740e-01
421 7.072159346596020e+00   4.887311228887740e+00   8.604180754092140e-01
422 6.811451034756860e+00   5.244594801576080e+00   8.569857330012440e-01
423 6.531745458080800e+00   5.589114810346310e+00   8.546975047292640e-01
424 6.234014594520530e+00   5.919383207123260e+00   8.535533905932740e-01
425 5.919383207123260e+00   6.234014594520530e+00   8.535533905932740e-01
426 5.589114810346310e+00   6.531745458080800e+00   8.546975047292640e-01
427 5.244594801576080e+00   6.811451034756860e+00   8.569857330012440e-01
428 4.887311228887740e+00   7.072159346596020e+00   8.604180754092140e-01
429 4.518833751132530e+00   7.313062036070230e+00   8.649945319531740e-01
430 4.140791404179100e+00   7.533521762899790e+00   8.707151026331250e-01
431 3.754849814710330e+00   7.733076053999860e+00   8.775797874490650e-01
432 3.362688499759110e+00   7.911437630403360e+00   8.855885864009950e-01
433 2.965978857718940e+00   8.068491360053770e+00   8.947414994889160e-01
434 2.566363398396620e+00   8.204288096511780e+00   9.050385267128260e-01
435 2.165436680818170e+00   8.319035755590520e+00   9.164796680727270e-01
436 1.764728333981940e+00   8.413088051163540e+00   9.290649235686170e-01
437 1.365688434015010e+00   8.486931356167710e+00   9.427942932004980e-01
438 9.696754075357560e-01   8.541170175224390e+00   9.576677769683680e-01
439 5.779465311505900e-01   8.576511712970220e+00   9.736853748722290e-01
440 1.916510056485980e-01   8.593750000000000e+00   9.908470869120800e-01
441 2.631077107543140e-16   8.593750000000000e+00   1.000000000000000e+00
442 8.906250000000000e+00   0.000000000000000e+00   1.000000000000000e+00
443 8.906250000000000e+00   1.986201331267290e-01   9.908470869120800e-01
444 8.888384866169130e+00   5.989627686469760e-01   9.736853748722290e-01
445 8.851758181596180e+00   1.004936331446150e+00   9.576677769683680e-01
446 8.795547041846530e+00   1.415349831615560e+00   9.427942932004980e-01
447 8.719018525751310e+00   1.828900273399460e+00   9.290649235686170e-01
448 8.621546146702900e+00   2.244179832847920e+00   9.164796680727260e-01
449 8.502625845475850e+00   2.659685703792860e+00   9.050385267128260e-01
450 8.361891045873910e+00   3.073832634363270e+00   8.947414994889160e-01
451 8.199126271508940e+00   3.484968081568530e+00   8.855885864009950e-01
452 8.014278819599850e+00   3.891389807972520e+00   8.775797874490650e-01
453 7.807468008823420e+00   4.291365637058340e+00   8.707151026331250e-01
454 7.578991564654600e+00   4.683154978446440e+00   8.649945319531740e-01
455 7.329328777381330e+00   5.065031637210930e+00   8.604180754092140e-01
456 7.059140163293480e+00   5.435307339815210e+00   8.569857330012440e-01
457 6.769263474738280e+00   5.792355348904360e+00   8.546975047292640e-01
458 6.460706034321270e+00   6.134633505564110e+00   8.535533905932740e-01
459 6.134633505564110e+00   6.460706034321270e+00   8.535533905932740e-01
460 5.792355348904350e+00   6.769263474738280e+00   8.546975047292640e-01
461 5.435307339815210e+00   7.059140163293470e+00   8.569857330012440e-01
462 5.065031637210930e+00   7.329328777381330e+00   8.604180754092140e-01
463 4.683154978446440e+00   7.578991564654600e+00   8.649945319531740e-01
464 4.291365637058340e+00   7.807468008823420e+00   8.707151026331250e-01
465 3.891389807972520e+00   8.014278819599860e+00   8.775797874490650e-01
466 3.484968081568530e+00   8.199126271508940e+00   8.855885864009950e-01
467 3.073832634363270e+00   8.361891045873900e+00   8.947414994889160e-01
468 2.659685703792860e+00   8.502625845475850e+00   9.050385267128260e-01
469 2.244179832847920e+00   8.621546146702900e+00   9.164796680727270e-01
470 1.828900273399460e+00   8.719018525751310e+00   9.290649235686170e-01
471 1.415349831615560e+00   8.795547041846530e+00   9.427942932004980e-01
472 1.004936331446150e+00   8.851758181596180e+00   9.576677769683680e-01
473 5.989627686469750e-01   8.888384866169130e+00   9.736853748722290e-01
474 1.986201331267290e-01   8.906250000000000e+00   9.908470869120800e-01
475 2.726752638726530e-16   8.906250000000000e+00   1.000000000000000e+00
476 9.218750000000000e+00   0.000000000000000e+00   1.000000000000000e+00
477 9.218750000000000e+00   2.055892606048600e-01   9.908470869120800e-01
478 9.200258019368050e+00   6.199790061433610e-01   9.736853748722290e-01
479 9.162346187967980e+00   1.040197255356540e+00   9.576677769683680e-01
480 9.104162727525360e+00   1.465011229216100e+00   9.427942932004980e-01
481 9.024949000339070e+00   1.893072212816990e+00   9.290649235686170e-01
482 8.924056537815280e+00   2.322922984877670e+00   9.164796680727260e-01
483 8.800963594439910e+00   2.753008009189100e+00   9.050385267128260e-01
484 8.655290731694040e+00   3.181686411007590e+00   8.947414994889160e-01
485 8.486814912614510e+00   3.607247663377950e+00   8.855885864009950e-01
486 8.295481585199850e+00   4.027929801234710e+00   8.775797874490650e-01
487 8.081414254747040e+00   4.441939869937580e+00   8.707151026331250e-01
488 7.844921093238970e+00   4.847476205760350e+00   8.649945319531740e-01
489 7.586498208166640e+00   5.242752045534130e+00   8.604180754092140e-01
490 7.306829291830090e+00   5.626019878054340e+00   8.569857330012440e-01
491 7.006781491395770e+00   5.995595887462400e+00   8.546975047292640e-01
492 6.687397474122020e+00   6.349883804004950e+00   8.535533905932740e-01
493 6.349883804004950e+00   6.687397474122020e+00   8.535533905932740e-01
494 5.995595887462400e+00   7.006781491395770e+00   8.546975047292640e-01
495 5.626019878054340e+00   7.306829291830090e+00   8.569857330012440e-01
496 5.242752045534130e+00   7.586498208166640e+00   8.604180754092140e-01
497 4.847476205760350e+00   7.844921093238970e+00   8.649945319531740e-01
498 4.441939869937580e+00   8.081414254747040e+00   8.707151026331250e-01
499 4.027929801234720e+00   8.295481585199850e+00   8.775797874490650e-01
500 3.607247663377950e+00   8.486814912614510e+00   8.855885864009950e-01
501 3.181686411007590e+00   8.655290731694040e+00   8.947414994889160e-01
502 2.753008009189100e+00   8.800963594439910e+00   9.050385267128260e-01
503 2.322922984877670e+00   8.924056537815280e+00   9.164796680727270e-01
504 1.893072212816990e+00   9.024949000339070e+00   9.290649235686170e-01
505 1.465011229216100e+00   9.104162727525360e+00   9.427942932004980e-01
506 1.040197255356540e+00   9.162346187967980e+00   9.576677769683680e-01
507 6.199790061433600e-01   9.200258019368050e+00   9.736853748722290e-01
508 2.055892606048600e-01   9.218750000000000e+00   9.908470869120800e-01
509 2.822428169909920e-16   9.218750000000000e+00   1.000000000000000e+00
510 9.531250000000000e+00   0.000000000000000e+00   1.000000000000000e+00
511 9.531250000000000e+00   2.125583880829910e-01   9.908470869120800e-01
512 9.512131172566970e+00   6.409952436397460e-01   9.736853748722290e-01
513 9.472934194339770e+00   1.075458179266930e+00   9.576677769683680e-01
514 9.412778413204190e+00   1.514672626816650e+00   9.427942932004980e-01
515 9.330879474926840e+00   1.957244152234510e+00   9.290649235686170e-01
516 9.226566928927670e+00   2.401666136907430e+00   9.164796680727260e-01
517 9.099301343403970e+00   2.846330314585340e+00   9.050385267128260e-01
518 8.948690417514180e+00   3.289540187651920e+00   8.947414994889160e-01
519 8.774503553720090e+00   3.729527245187370e+00   8.855885864009950e-01
520 8.576684350799840e+00   4.164469794496910e+00   8.775797874490650e-01
521 8.355360500670670e+00   4.592514102816820e+00   8.707151026331250e-01
522 8.110850621823340e+00   5.011797433074260e+00   8.649945319531740e-01
523 7.843667638951950e+00   5.420472453857320e+00   8.604180754092140e-01
524 7.554518420366700e+00   5.816732416293470e+00   8.569857330012440e-01
525 7.244299508053250e+00   6.198836426020450e+00   8.546975047292640e-01
526 6.914088913922760e+00   6.565134102445800e+00   8.535533905932740e-01
527 6.565134102445800e+00   6.914088913922760e+00   8.535533905932740e-01
528 6.198836426020450e+00   7.244299508053250e+00   8.546975047292640e-01
529 5.816732416293470e+00   7.554518420366700e+00   8.569857330012440e-01
530 5.420472453857320e+00   7.843667638951950e+00   8.604180754092140e-01
531 5.011797433074260e+00   8.110850621823340e+00   8.649945319531740e-01
532 4.592514102816820e+00   8.355360500670670e+00   8.707151026331250e-01
533 4.164469794496910e+00   8.576684350799840e+00   8.775797874490650e-01
534 3.729527245187370e+00   8.774503553720090e+00   8.855885864009950e-01
535 3.289540187651920e+00   8.948690417514180e+00   8.947414994889160e-01
536 2.846330314585340e+00   9.099301343403970e+00   9.050385267128260e-01
537 2.401666136907430e+00   9.226566928927660e+00   9.164796680727270e-01
538 1.957244152234510e+00   9.330879474926840e+00   9.290649235686170e-01
539 1.514672626816650e+00   9.412778413204190e+00   9.427942932004980e-01
540 1.075458179266930e+00   9.472934194339770e+00   9.576677769683680e-01
541 6.409952436397450e-01   9.512131172566970e+00   9.736853748722290e-01
542 2.125583880829910e-01   9.531250000000000e+00   9.908470869120800e-01
543 2.918103701093300e-16   9.531250000000000e+00   1.000000000000000e+00
544 9.843750000000000e+00   0.000000000000000e+00   1.000000000000000e+00
545 9.843750000000000e+00   2.195275155611220e-01   9.908470869120800e-01
546 9.824004325765880e+00   6.620114811361310e-01   9.736853748722290e-01
547 9.783522200711570e+00   1.110719103177320e+00   9.576677769683680e-01
548 9.721394098883010e+00   1.564334024417190e+00   9.427942932004980e-01
549 9.636809949514610e+00   2.021416091652040e+00   9.290649235686170e-01
550 9.529077320040050e+00   2.480409288937180e+00   9.164796680727270e-01
551 9.397639092368040e+00   2.939652619981580e+00   9.050385267128260e-01
552 9.242090103334320e+00   3.397393964296240e+00   8.947414994889160e-01
553 9.062192194825670e+00   3.851806826996800e+00   8.855885864009950e-01
554 8.857887116399840e+00   4.301009787759100e+00   8.775797874490650e-01
555 8.629306746594300e+00   4.743088335696060e+00   8.707151026331250e-01
556 8.376780150407710e+00   5.176118660388170e+00   8.649945319531740e-01
557 8.100837069737260e+00   5.598192862180510e+00   8.604180754092140e-01
558 7.802207548903310e+00   6.007444954532600e+00   8.569857330012440e-01
559 7.481817524710730e+00   6.402076964578500e+00   8.546975047292640e-01
560 7.140780353723510e+00   6.780384400886650e+00   8.535533905932740e-01
561 6.780384400886640e+00   7.140780353723510e+00   8.535533905932740e-01
562 6.402076964578500e+00   7.481817524710730e+00   8.546975047292640e-01
563 6.007444954532600e+00   7.802207548903310e+00   8.569857330012440e-01
564 5.598192862180510e+00   8.100837069737260e+00   8.604180754092140e-01
565 5.176118660388170e+00   8.376780150407710e+00   8.649945319531740e-01
566 4.743088335696060e+00   8.629306746594300e+00   8.707151026331250e-01
567 4.301009787759100e+00   8.857887116399840e+00   8.775797874490650e-01
568 3.851806826996800e+00   9.062192194825670e+00   8.855885864009950e-01
569 3.397393964296240e+00   9.242090103334320e+00   8.947414994889160e-01
570 2.939652619981580e+00   9.397639092368040e+00   9.050385267128260e-01
571 2.480409288937180e+00   9.529077320040050e+00   9.164796680727270e-01
572 2.021416091652040e+00   9.636809949514600e+00   9.290649235686170e-01
573 1.564334024417190e+00   9.721394098883010e+00   9.427942932004980e-01
574 1.110719103177320e+00   9.783522200711570e+00   9.576677769683680e-01
575 6.620114811361310e-01   9.824004325765890e+00   9.736853748722290e-01
576 2.195275155611220e-01   9.843750000000000e+00   9.908470869120800e-01
577 3.013779232276690e-16   9.843750000000000e+00   1.000000000000000e+00
578 1.015625000000000e+01   0.000000000000000e+00   1.000000000000000e+00
579 1.015625000000000e+01   2.264966430392530e-01   9.908470869120800e-01
580 1.013587747896480e+01   6.830277186325160e-01   9.736853748722290e-01
581 1.009411020708340e+01   1.145980027087710e+00   9.576677769683680e-01
582 1.003000978456180e+01   1.613995422017740e+00   9.427942932004980e-01
583 9.942740424102370e+00   2.085588031069560e+00   9.290649235686170e-01
584 9.831587711152440e+00   2.559152440966930e+00   9.164796680727260e-01
585 9.695976841332100e+00   3.032974925377820e+00   9.050385267128260e-01
586 9.535489789154450e+00   3.505247740940570e+00   8.947414994889160e-01
587 9.349880835931240e+00   3.974086408806220e+00   8.855885864009950e-01
588 9.139089881999830e+00   4.437549781021300e+00   8.775797874490650e-01
589 8.903252992517930e+00   4.893662568575300e+00   8.707151026331250e-01
590 8.642709678992080e+00   5.340439887702080e+00   8.649945319531740e-01
591 8.358006500522570e+00   5.775913270503700e+00   8.604180754092140e-01
592 8.049896677439930e+00   6.198157492771730e+00   8.569857330012440e-01
593 7.719335541368220e+00   6.605317503136540e+00   8.546975047292640e-01
594 7.367471793524260e+00   6.995634699327490e+00   8.535533905932740e-01
595 6.995634699327490e+00   7.367471793524260e+00   8.535533905932740e-01
596 6.605317503136540e+00   7.719335541368220e+00   8.546975047292640e-01
597 6.198157492771730e+00   8.049896677439930e+00   8.569857330012440e-01
598 5.775913270503700e+00   8.358006500522570e+00   8.604180754092140e-01
599 5.340439887702080e+00   8.642709678992090e+00   8.649945319531740e-01
600 4.893662568575300e+00   8.903252992517930e+00   8.707151026331250e-01
601 4.437549781021300e+00   9.139089881999830e+00   8.775797874490650e-01
602 3.974086408806220e+00   9.349880835931240e+00   8.855885864009950e-01
603 3.505247740940570e+00   9.535489789154450e+00   8.947414994889160e-01
604 3.032974925377820e+00   9.695976841332100e+00   9.050385267128260e-01
605 2.559152440966930e+00   9.831587711152430e+00   9.164796680727270e-01
606 2.085588031069560e+00   9.942740424102370e+00   9.290649235686170e-01
607 1.613995422017740e+00   1.003000978456180e+01   9.427942932004980e-01
608 1.145980027087710e+00   1.009411020708340e+01   9.576677769683680e-01
609 6.830277186325160e-01   1.013587747896480e+01   9.736853748722290e-01
610 2.264966430392530e-01   1.015625000000000e+01   9.908470869120800e-01
611 3.109454763460080e-16   1.015625000000000e+01   1.000000000000000e+00
612 1.046875000000000e+01   0.000000000000000e+00   1.000000000000000e+00
613 1.046875000000000e+01   2.334657705173830e-01   9.908470869120800e-01
614 1.044775063216370e+01   7.040439561289010e-01   9.736853748722290e-01
615 1.040469821345520e+01   1.181240950998100e+00   9.576677769683680e-01
616 1.033862547024070e+01   1.663656819618290e+00   9.427942932004980e-01
617 1.024867089869010e+01   2.149759970487090e+00   9.290649235686170e-01
618 1.013409810226480e+01   2.637895592996680e+00   9.164796680727260e-01
619 9.994314590296170e+00   3.126297230774060e+00   9.050385267128260e-01
620 9.828889474974590e+00   3.613101517584890e+00   8.947414994889160e-01
621 9.637569477036820e+00   4.096365990615640e+00   8.855885864009950e-01
622 9.420292647599830e+00   4.574089774283490e+00   8.775797874490650e-01
623 9.177199238441560e+00   5.044236801454540e+00   8.707151026331250e-01
624 8.908639207576450e+00   5.504761115015990e+00   8.649945319531740e-01
625 8.615175931307880e+00   5.953633678826890e+00   8.604180754092140e-01
626 8.297585805976540e+00   6.388870031010860e+00   8.569857330012440e-01
627 7.956853558025700e+00   6.808558041694590e+00   8.546975047292640e-01
628 7.594163233325000e+00   7.210884997768340e+00   8.535533905932740e-01
629 7.210884997768340e+00   7.594163233325000e+00   8.535533905932740e-01
630 6.808558041694590e+00   7.956853558025700e+00   8.546975047292640e-01
631 6.388870031010860e+00   8.297585805976540e+00   8.569857330012440e-01
632 5.953633678826890e+00   8.615175931307880e+00   8.604180754092140e-01
633 5.504761115016000e+00   8.908639207576460e+00   8.649945319531740e-01
634 5.044236801454540e+00   9.177199238441560e+00   8.707151026331250e-01
635 4.574089774283490e+00   9.420292647599830e+00   8.775797874490650e-01
636 4.096365990615640e+00   9.637569477036830e+00   8.855885864009950e-01
637 3.613101517584890e+00   9.828889474974590e+00   8.947414994889160e-01
638 3.126297230774070e+00   9.994314590296170e+00   9.050385267128260e-01
639 2.637895592996680e+00   1.013409810226480e+01   9.164796680727270e-01
640 2.149759970487090e+00   1.024867089869010e+01   9.290649235686170e-01
641 1.663656819618280e+00   1.033862547024070e+01   9.427942932004980e-01
642 1.181240950998100e+00   1.040469821345520e+01   9.576677769683680e-01
643 7.040439561289010e-01   1.044775063216370e+01   9.736853748722290e-01
644 2.334657705173830e-01   1.046875000000000e+01   9.908470869120800e-01
645 3.205130294643460e-16   1.046875000000000e+01   1.000000000000000e+00
646 1.078125000000000e+01   0.000000000000000e+00   1.000000000000000e+00
647 1.078125000000000e+01   2.404348979955140e-01   9.908470869120800e-01
648 1.075962378536260e+01   7.250601936252860e-01   9.736853748722290e-01
649 1.071528621982700e+01   1.216501874908490e+00   9.576677769683680e-01
650 1.064724115591950e+01   1.713318217218830e+00   9.427942932004980e-01
651 1.055460137327790e+01   2.213931909904610e+00   9.290649235686170e-01
652 1.043660849337720e+01   2.716638745026430e+00   9.164796680727260e-01
653 1.029265233926020e+01   3.219619536170300e+00   9.050385267128260e-01
654 1.012228916079470e+01   3.720955294229220e+00   8.947414994889160e-01
655 9.925258118142400e+00   4.218645572425060e+00   8.855885864009950e-01
656 9.701495413199820e+00   4.710629767545680e+00   8.775797874490650e-01
657 9.451145484365190e+00   5.194811034333780e+00   8.707151026331250e-01
658 9.174568736160830e+00   5.669082342329900e+00   8.649945319531740e-01
659 8.872345362093190e+00   6.131354087150080e+00   8.604180754092140e-01
660 8.545274934513160e+00   6.579582569249990e+00   8.569857330012440e-01
661 8.194371574683180e+00   7.011798580252640e+00   8.546975047292640e-01
662 7.820854673125750e+00   7.426135296209180e+00   8.535533905932740e-01
663 7.426135296209180e+00   7.820854673125750e+00   8.535533905932740e-01
664 7.011798580252640e+00   8.194371574683180e+00   8.546975047292640e-01
665 6.579582569249990e+00   8.545274934513150e+00   8.569857330012440e-01
666 6.131354087150080e+00   8.872345362093190e+00   8.604180754092140e-01
667 5.669082342329910e+00   9.174568736160830e+00   8.649945319531740e-01
668 5.194811034333780e+00   9.451145484365190e+00   8.707151026331250e-01
669 4.710629767545680e+00   9.701495413199820e+00   8.775797874490650e-01
670 4.218645572425060e+00   9.925258118142400e+00   8.855885864009950e-01
671 3.720955294229220e+00   1.012228916079470e+01   8.947414994889160e-01
672 3.219619536170310e+00   1.029265233926020e+01   9.050385267128260e-01
673 2.716638745026430e+00   1.043660849337720e+01   9.164796680727270e-01
674 2.213931909904610e+00   1.055460137327790e+01   9.290649235686170e-01
675 1.713318217218830e+00   1.064724115591950e+01   9.427942932004980e-01
676 1.216501874908490e+00   1.071528621982700e+01   9.576677769683680e-01
677 7.250601936252860e-01   1.075962378536260e+01   9.736853748722290e-01
678 2.404348979955140e-01   1.078125000000000e+01   9.908470869120800e-01
679 3.300805825826850e-16   1.078125000000000e+01   1.000000000000000e+00
680 1.109375000000000e+01   0.000000000000000e+00   1.000000000000000e+00
681 1.109375000000000e+01   2.474040254736450e-01   9.908470869120800e-01
682 1.107149693856160e+01   7.460764311216710e-01   9.736853748722290e-01
683 1.102587422619880e+01   1.251762798818890e+00   9.576677769683680e-01
684 1.095585684159830e+01   1.762979614819380e+00   9.427942932004980e-01
685 1.086053184786570e+01   2.278103849322140e+00   9.290649235686170e-01
686 1.073911888448960e+01   2.795381897056180e+00   9.164796680727270e-01
687 1.059099008822430e+01   3.312941841566550e+00   9.050385267128260e-01
688 1.041568884661490e+01   3.828809070873540e+00   8.947414994889160e-01
689 1.021294675924800e+01   4.340925154234480e+00   8.855885864009950e-01
690 9.982698178799820e+00   4.847169760807880e+00   8.775797874490650e-01
691 9.725091730288820e+00   5.345385267213020e+00   8.707151026331250e-01
692 9.440498264745200e+00   5.833403569643810e+00   8.649945319531740e-01
693 9.129514792878500e+00   6.309074495473270e+00   8.604180754092140e-01
694 8.792964063049770e+00   6.770295107489120e+00   8.569857330012440e-01
695 8.431889591340670e+00   7.215039118810690e+00   8.546975047292640e-01
696 8.047546112926500e+00   7.641385594650030e+00   8.535533905932740e-01
697 7.641385594650030e+00   8.047546112926500e+00   8.535533905932740e-01
698 7.215039118810690e+00   8.431889591340670e+00   8.546975047292640e-01
699 6.770295107489120e+00   8.792964063049770e+00   8.569857330012440e-01
700 6.309074495473270e+00   9.129514792878500e+00   8.604180754092140e-01
701 5.833403569643810e+00   9.440498264745200e+00   8.649945319531740e-01
702 5.345385267213020e+00   9.725091730288820e+00   8.707151026331250e-01
703 4.847169760807880e+00   9.982698178799820e+00   8.775797874490650e-01
704 4.340925154234490e+00   1.021294675924800e+01   8.855885864009950e-01
705 3.828809070873540e+00   1.041568884661490e+01   8.947414994889160e-01
706 3.312941841566550e+00   1.059099008822430e+01   9.050385267128260e-01
707 2.795381897056180e+00   1.073911888448960e+01   9.164796680727270e-01
708 2.278103849322140e+00   1.086053184786570e+01   9.290649235686170e-01
709 1.762979614819380e+00   1.095585684159830e+01   9.427942932004980e-01
710 1.251762798818880e+00   1.102587422619880e+01   9.576677769683680e-01
711 7.460764311216710e-01   1.107149693856160e+01   9.736853748722290e-01
712 2.474040254736450e-01   1.109375000000000e+01   9.908470869120800e-01
713 3.396481357010240e-16   1.109375000000000e+01   1.000000000000000e+00
714 1.140625000000000e+01   0.000000000000000e+00   1.000000000000000e+00
715 1.140625000000000e+01   2.543731529517760e-01   9.908470869120800e-01
716 1.138337009176050e+01   7.670926686180560e-01   9.736853748722290e-01
717 1.133646223257050e+01   1.287023722729280e+00   9.576677769683680e-01
718 1.126447252727710e+01   1.812641012419920e+00   9.427942932004980e-01
719 1.116646232245340e+01   2.342275788739660e+00   9.290649235686170e-01
720 1.104162927560200e+01   2.874125049085940e+00   9.164796680727260e-01
721 1.088932783718840e+01   3.406264146962790e+00   9.050385267128260e-01
722 1.070908853243500e+01   3.936662847517870e+00   8.947414994889160e-01
723 1.050063540035360e+01   4.463204736043910e+00   8.855885864009950e-01
724 1.026390094439980e+01   4.983709754070070e+00   8.775797874490650e-01
725 9.999037976212440e+00   5.495959500092260e+00   8.707151026331250e-01
726 9.706427793329570e+00   5.997724796957720e+00   8.649945319531740e-01
727 9.386684223663810e+00   6.486794903796460e+00   8.604180754092140e-01
728 9.040653191586380e+00   6.961007645728250e+00   8.569857330012440e-01
729 8.669407607998150e+00   7.418279657368740e+00   8.546975047292640e-01
730 8.274237552727240e+00   7.856635893090870e+00   8.535533905932740e-01
731 7.856635893090870e+00   8.274237552727240e+00   8.535533905932740e-01
732 7.418279657368730e+00   8.669407607998150e+00   8.546975047292640e-01
733 6.961007645728250e+00   9.040653191586380e+00   8.569857330012440e-01
734 6.486794903796460e+00   9.386684223663810e+00   8.604180754092140e-01
735 5.997724796957720e+00   9.706427793329570e+00   8.649945319531740e-01
736 5.495959500092260e+00   9.999037976212450e+00   8.707151026331250e-01
737 4.983709754070070e+00   1.026390094439980e+01   8.775797874490650e-01
738 4.463204736043910e+00   1.050063540035360e+01   8.855885864009950e-01
739 3.936662847517870e+00   1.070908853243500e+01   8.947414994889160e-01
740 3.406264146962790e+00   1.088932783718840e+01   9.050385267128260e-01
741 2.874125049085940e+00   1.104162927560200e+01   9.164796680727270e-01
742 2.342275788739660e+00   1.116646232245340e+01   9.290649235686170e-01
743 1.812641012419920e+00   1.126447252727710e+01   9.427942932004980e-01
744 1.287023722729280e+00   1.133646223257050e+01   9.576677769683680e-01
745 7.670926686180560e-01   1.138337009176050e+01   9.736853748722290e-01
746 2.543731529517760e-01   1.140625000000000e+01   9.908470869120800e-01
747 3.492156888193630e-16   1.140625000000000e+01   1.000000000000000e+00
748 1.171875000000000e+01   0.000000000000000e+00   1.000000000000000e+00
749 1.171875000000000e+01   2.613422804299070e-01   9.908470869120800e-01
750 1.169524324495940e+01   7.881089061144420e-01   9.736853748722290e-01
751 1.164705023894230e+01   1.322284646639670e+00   9.576677769683680e-01
752 1.157308821295600e+01   1.862302410020470e+00   9.427942932004980e-01
753 1.147239279704120e+01   2.406447728157190e+00   9.290649235686170e-01
754 1.134413966671430e+01   2.952868201115690e+00   9.164796680727260e-01
755 1.118766558615240e+01   3.499586452359030e+00   9.050385267128260e-01
756 1.100248821825510e+01   4.044516624162200e+00   8.947414994889160e-01
757 1.078832404145910e+01   4.585484317853330e+00   8.855885864009950e-01
758 1.054510370999980e+01   5.120249747332260e+00   8.775797874490650e-01
759 1.027298422213610e+01   5.646533732971500e+00   8.707151026331250e-01
760 9.972357321913940e+00   6.162046024271630e+00   8.649945319531740e-01
761 9.643853654449120e+00   6.664515312119650e+00   8.604180754092140e-01
762 9.288342320122990e+00   7.151720183967380e+00   8.569857330012440e-01
763 8.906925624655630e+00   7.621520195926780e+00   8.546975047292640e-01
764 8.500928992527990e+00   8.071886191531720e+00   8.535533905932740e-01
765 8.071886191531720e+00   8.500928992527990e+00   8.535533905932740e-01
766 7.621520195926780e+00   8.906925624655630e+00   8.546975047292640e-01
767 7.151720183967380e+00   9.288342320122990e+00   8.569857330012440e-01
768 6.664515312119650e+00   9.643853654449120e+00   8.604180754092140e-01
769 6.162046024271640e+00   9.972357321913950e+00   8.649945319531740e-01
770 5.646533732971500e+00   1.027298422213610e+01   8.707151026331250e-01
771 5.120249747332260e+00   1.054510370999980e+01   8.775797874490650e-01
772 4.585484317853330e+00   1.078832404145910e+01   8.855885864009950e-01
773 4.044516624162200e+00   1.100248821825510e+01   8.947414994889160e-01
774 3.499586452359030e+00   1.118766558615240e+01   9.050385267128260e-01
775 2.952868201115690e+00   1.134413966671430e+01   9.164796680727270e-01
776 2.406447728157190e+00   1.147239279704120e+01   9.290649235686170e-01
777 1.862302410020470e+00   1.157308821295600e+01   9.427942932004980e-01
778 1.322284646639670e+00   1.164705023894230e+01   9.576677769683680e-01
779 7.881089061144410e-01   1.169524324495940e+01   9.736853748722290e-01
780 2.613422804299070e-01   1.171875000000000e+01   9.908470869120800e-01
781 3.587832419377010e-16   1.171875000000000e+01   1.000000000000000e+00
782 1.203125000000000e+01   0.000000000000000e+00   1.000000000000000e+00
783 1.203125000000000e+01   2.683114079080380e-01   9.908470869120800e-01
784 1.200711639815830e+01   8.091251436108270e-01   9.736853748722290e-01
785 1.195763824531410e+01   1.357545570550060e+00   9.576677769683680e-01
786 1.188170389863480e+01   1.911963807621010e+00   9.427942932004980e-01
787 1.177832327162900e+01   2.470619667574710e+00   9.290649235686170e-01
788 1.164665005782670e+01   3.031611353145440e+00   9.164796680727260e-01
789 1.148600333511650e+01   3.592908757755270e+00   9.050385267128260e-01
790 1.129588790407530e+01   4.152370400806520e+00   8.947414994889160e-01
791 1.107601268256470e+01   4.707763899662750e+00   8.855885864009950e-01
792 1.082630647559980e+01   5.256789740594460e+00   8.775797874490650e-01
793 1.054693046805970e+01   5.797107965850740e+00   8.707151026331250e-01
794 1.023828685049830e+01   6.326367251585540e+00   8.649945319531740e-01
795 9.901023085234430e+00   6.842235720442840e+00   8.604180754092140e-01
796 9.536031448659610e+00   7.342432722206510e+00   8.569857330012440e-01
797 9.144443641313120e+00   7.824760734484830e+00   8.546975047292640e-01
798 8.727620432328730e+00   8.287136489972570e+00   8.535533905932740e-01
799 8.287136489972570e+00   8.727620432328730e+00   8.535533905932740e-01
800 7.824760734484830e+00   9.144443641313120e+00   8.546975047292640e-01
801 7.342432722206510e+00   9.536031448659610e+00   8.569857330012440e-01
802 6.842235720442840e+00   9.901023085234430e+00   8.604180754092140e-01
803 6.326367251585550e+00   1.023828685049830e+01   8.649945319531740e-01
804 5.797107965850740e+00   1.054693046805970e+01   8.707151026331250e-01
805 5.256789740594460e+00   1.082630647559980e+01   8.775797874490650e-01
806 4.707763899662750e+00   1.107601268256470e+01   8.855885864009950e-01
807 4.152370400806520e+00   1.129588790407530e+01   8.947414994889160e-01
808 3.592908757755270e+00   1.148600333511650e+01   9.050385267128260e-01
809 3.031611353145440e+00   1.164665005782670e+01   9.164796680727270e-01
810 2.470619667574710e+00   1.177832327162900e+01   9.290649235686170e-01
811 1.911963807621010e+00   1.188170389863480e+01   9.427942932004980e-01
812 1.357545570550060e+00   1.195763824531410e+01   9.576677769683680e-01
813 8.091251436108260e-01   1.200711639815830e+01   9.736853748722290e-01
814 2.683114079080380e-01   1.203125000000000e+01   9.908470869120800e-01
815 3.683507950560400e-16   1.203125000000000e+01   1.000000000000000e+00
816 1.234375000000000e+01   0.000000000000000e+00   1.000000000000000e+00
817 1.234375000000000e+01   2.752805353861690e-01   9.908470869120800e-01
818 1.231898955135720e+01   8.301413811072120e-01   9.736853748722290e-01
819 1.226822625168590e+01   1.392806494460450e+00   9.576677769683680e-01
820 1.219031958431360e+01   1.961625205221560e+00   9.427942932004980e-01
821 1.208425374621670e+01   2.534791606992240e+00   9.290649235686170e-01
822 1.194916044893910e+01   3.110354505175190e+00   9.164796680727270e-01
823 1.178434108408060e+01   3.686231063151510e+00   9.050385267128260e-01
824 1.158928758989540e+01   4.260224177450850e+00   8.947414994889160e-01
825 1.136370132367030e+01   4.830043481472170e+00   8.855885864009950e-01
826 1.110750924119980e+01   5.393329733856650e+00   8.775797874490650e-01
827 1.082087671398330e+01   5.947682198729980e+00   8.707151026331250e-01
828 1.050421637908270e+01   6.490688478899450e+00   8.649945319531740e-01
829 1.015819251601970e+01   7.019956128766030e+00   8.604180754092140e-01
830 9.783720577196220e+00   7.533145260445640e+00   8.569857330012440e-01
831 9.381961657970600e+00   8.028001273042880e+00   8.546975047292640e-01
832 8.954311872129480e+00   8.502386788413410e+00   8.535533905932740e-01
833 8.502386788413410e+00   8.954311872129480e+00   8.535533905932740e-01
834 8.028001273042880e+00   9.381961657970600e+00   8.546975047292640e-01
835 7.533145260445640e+00   9.783720577196220e+00   8.569857330012440e-01
836 7.019956128766030e+00   1.015819251601970e+01   8.604180754092140e-01
837 6.490688478899450e+00   1.050421637908270e+01   8.649945319531740e-01
838 5.947682198729980e+00   1.082087671398330e+01   8.707151026331250e-01
839 5.393329733856650e+00   1.110750924119980e+01   8.775797874490650e-01
840 4.830043481472170e+00   1.136370132367030e+01   8.855885864009950e-01
841 4.260224177450850e+00   1.158928758989540e+01   8.947414994889160e-01
842 3.686231063151510e+00   1.178434108408060e+01   9.050385267128260e-01
843 3.110354505175190e+00   1.194916044893910e+01   9.164796680727270e-01
844 2.534791606992240e+00   1.208425374621670e+01   9.290649235686170e-01
845 1.961625205221560e+00   1.219031958431360e+01   9.427942932004980e-01
846 1.392806494460450e+00   1.226822625168590e+01   9.576677769683680e-01
847 8.301413811072110e-01   1.231898955135720e+01   9.736853748722290e-01
848 2.752805353861680e-01   1.234375000000000e+01   9.908470869120800e-01
849 3.779183481743790e-16   1.234375000000000e+01   1.000000000000000e+00
850 1.265625000000000e+01   0.000000000000000e+00   1.000000000000000e+00
851 1.265625000000000e+01   2.822496628642990e-01   9.908470869120800e-01
852 1.263086270455610e+01   8.511576186035970e-01   9.736853748722290e-01
853 1.257881425805770e+01   1.428067418370840e+00   9.576677769683680e-01
854 1.249893526999240e+01   2.011286602822110e+00   9.427942932004980e-01
855 1.239018422080450e+01   2.598963546409760e+00   9.290649235686170e-01
856 1.225167084005150e+01   3.189097657204940e+00   9.164796680727260e-01
857 1.208267883304460e+01   3.779553368547750e+00   9.050385267128260e-01
858 1.188268727571550e+01   4.368077954095170e+00   8.947414994889160e-01
859 1.165138996477590e+01   4.952323063281590e+00   8.855885864009950e-01
860 1.138871200679980e+01   5.529869727118850e+00   8.775797874490650e-01
861 1.109482295990700e+01   6.098256431609220e+00   8.707151026331250e-01
862 1.077014590766710e+01   6.655009706213360e+00   8.649945319531740e-01
863 1.041536194680510e+01   7.197676537089220e+00   8.604180754092140e-01
864 1.003140970573280e+01   7.723857798684770e+00   8.569857330012440e-01
865 9.619479674628080e+00   8.231241811600920e+00   8.546975047292640e-01
866 9.181003311930230e+00   8.717637086854260e+00   8.535533905932740e-01
867 8.717637086854260e+00   9.181003311930230e+00   8.535533905932740e-01
868 8.231241811600920e+00   9.619479674628080e+00   8.546975047292640e-01
869 7.723857798684770e+00   1.003140970573280e+01   8.569857330012440e-01
870 7.197676537089220e+00   1.041536194680510e+01   8.604180754092140e-01
871 6.655009706213370e+00   1.077014590766710e+01   8.649945319531740e-01
872 6.098256431609220e+00   1.109482295990700e+01   8.707151026331250e-01
873 5.529869727118850e+00   1.138871200679980e+01   8.775797874490650e-01
874 4.952323063281600e+00   1.165138996477590e+01   8.855885864009950e-01
875 4.368077954095170e+00   1.188268727571560e+01   8.947414994889160e-01
876 3.779553368547750e+00   1.208267883304460e+01   9.050385267128260e-01
877 3.189097657204940e+00   1.225167084005150e+01   9.164796680727270e-01
878 2.598963546409760e+00   1.239018422080450e+01   9.290649235686170e-01
879 2.011286602822110e+00   1.249893526999240e+01   9.427942932004980e-01
880 1.428067418370840e+00   1.257881425805770e+01   9.576677769683680e-01
881 8.511576186035970e-01   1.263086270455610e+01   9.736853748722290e-01
882 2.822496628642990e-01   1.265625000000000e+01   9.908470869120800e-01
883 3.874859012927170e-16   1.265625000000000e+01   1.000000000000000e+00
884 1.296875000000000e+01   0.000000000000000e+00   1.000000000000000e+00
885 1.296875000000000e+01   2.892187903424300e-01   9.908470869120800e-01
886 1.294273585775510e+01   8.721738560999820e-01   9.736853748722290e-01
887 1.288940226442950e+01   1.463328342281230e+00   9.576677769683680e-01
888 1.280755095567130e+01   2.060948000422650e+00   9.427942932004980e-01
889 1.269611469539230e+01   2.663135485827290e+00   9.290649235686170e-01
890 1.255418123116390e+01   3.267840809234690e+00   9.164796680727260e-01
891 1.238101658200870e+01   3.872875673943990e+00   9.050385267128260e-01
892 1.217608696153570e+01   4.475931730739500e+00   8.947414994889160e-01
893 1.193907860588140e+01   5.074602645091020e+00   8.855885864009950e-01
894 1.166991477239980e+01   5.666409720381040e+00   8.775797874490650e-01
895 1.136876920583060e+01   6.248830664488460e+00   8.707151026331250e-01
896 1.103607543625140e+01   6.819330933527280e+00   8.649945319531740e-01
897 1.067253137759040e+01   7.375396945412410e+00   8.604180754092140e-01
898 1.027909883426940e+01   7.914570336923900e+00   8.569857330012440e-01
899 9.856997691285570e+00   8.434482350158970e+00   8.546975047292640e-01
900 9.407694751730970e+00   8.932887385295100e+00   8.535533905932740e-01
901 8.932887385295100e+00   9.407694751730970e+00   8.535533905932740e-01
902 8.434482350158970e+00   9.856997691285570e+00   8.546975047292640e-01
903 7.914570336923900e+00   1.027909883426940e+01   8.569857330012440e-01
904 7.375396945412410e+00   1.067253137759040e+01   8.604180754092140e-01
905 6.819330933527280e+00   1.103607543625140e+01   8.649945319531740e-01
906 6.248830664488460e+00   1.136876920583060e+01   8.707151026331250e-01
907 5.666409720381040e+00   1.166991477239980e+01   8.775797874490650e-01
908 5.074602645091020e+00   1.193907860588140e+01   8.855885864009950e-01
909 4.475931730739500e+00   1.217608696153570e+01   8.947414994889160e-01
910 3.872875673943990e+00   1.238101658200870e+01   9.050385267128260e-01
911 3.267840809234690e+00   1.255418123116390e+01   9.164796680727270e-01
912 2.663135485827290e+00   1.269611469539230e+01   9.290649235686170e-01
913 2.060948000422650e+00   1.280755095567130e+01   9.427942932004980e-01
914 1.463328342281230e+00   1.288940226442950e+01   9.576677769683680e-01
915 8.721738560999810e-01   1.294273585775510e+01   9.736853748722290e-01
916 2.892187903424300e-01   1.296875000000000e+01   9.908470869120800e-01
917 3.970534544110560e-16   1.296875000000000e+01   1.000000000000000e+00
918 1.328125000000000e+01   0.000000000000000e+00   1.000000000000000e+00
919 1.328125000000000e+01   2.961879178205610e-01   9.908470869120800e-01
920 1.325460901095400e+01   8.931900935963670e-01   9.736853748722290e-01
921 1.319999027080130e+01   1.498589266191620e+00   9.576677769683680e-01
922 1.311616664135010e+01   2.110609398023200e+00   9.427942932004980e-01
923 1.300204516998000e+01   2.727307425244810e+00   9.290649235686170e-01
924 1.285669162227630e+01   3.346583961264450e+00   9.164796680727260e-01
925 1.267935433097280e+01   3.966197979340230e+00   9.050385267128260e-01
926 1.246948664735580e+01   4.583785507383820e+00   8.947414994889160e-01
927 1.222676724698700e+01   5.196882226900440e+00   8.855885864009950e-01
928 1.195111753799980e+01   5.802949713643230e+00   8.775797874490650e-01
929 1.164271545175420e+01   6.399404897367700e+00   8.707151026331250e-01
930 1.130200496483580e+01   6.983652160841190e+00   8.649945319531740e-01
931 1.092970080837570e+01   7.553117353735610e+00   8.604180754092140e-01
932 1.052678796280610e+01   8.105282875163030e+00   8.569857330012440e-01
933 1.009451570794310e+01   8.637722888717020e+00   8.546975047292640e-01
934 9.634386191531720e+00   9.148137683735950e+00   8.535533905932740e-01
935 9.148137683735950e+00   9.634386191531720e+00   8.535533905932740e-01
936 8.637722888717020e+00   1.009451570794310e+01   8.546975047292640e-01
937 8.105282875163030e+00   1.052678796280610e+01   8.569857330012440e-01
938 7.553117353735610e+00   1.092970080837570e+01   8.604180754092140e-01
939 6.983652160841190e+00   1.130200496483580e+01   8.649945319531740e-01
940 6.399404897367700e+00   1.164271545175420e+01   8.707151026331250e-01
941 5.802949713643230e+00   1.195111753799980e+01   8.775797874490650e-01
942 5.196882226900440e+00   1.222676724698700e+01   8.855885864009950e-01
943 4.583785507383820e+00   1.246948664735580e+01   8.947414994889160e-01
944 3.966197979340230e+00   1.267935433097280e+01   9.050385267128260e-01
945 3.346583961264450e+00   1.285669162227630e+01   9.164796680727270e-01
946 2.727307425244810e+00   1.300204516998000e+01   9.290649235686170e-01
947 2.110609398023200e+00   1.311616664135010e+01   9.427942932004980e-01
948 1.498589266191620e+00   1.319999027080130e+01   9.576677769683680e-01
949 8.931900935963670e-01   1.325460901095400e+01   9.736853748722290e-01
950 2.961879178205610e-01   1.328125000000000e+01   9.908470869120800e-01
951 4.066210075293950e-16   1.328125000000000e+01   1.000000000000000e+00
952 1.359375000000000e+01   0.000000000000000e+00   1.000000000000000e+00
953 1.359375000000000e+01   3.031570452986920e-01   9.908470869120800e-01
954 1.356648216415290e+01   9.142063310927520e-01   9.736853748722290e-01
955 1.351057827717310e+01   1.533850190102010e+00   9.576677769683680e-01
956 1.342478232702890e+01   2.160270795623740e+00   9.427942932004980e-01
957 1.330797564456780e+01   2.791479364662340e+00   9.290649235686170e-01
958 1.315920201338860e+01   3.425327113294200e+00   9.164796680727270e-01
959 1.297769207993680e+01   4.059520284736470e+00   9.050385267128260e-01
960 1.276288633317600e+01   4.691639284028150e+00   8.947414994889160e-01
961 1.251445588809260e+01   5.319161808709860e+00   8.855885864009950e-01
962 1.223232030359980e+01   5.939489706905430e+00   8.775797874490650e-01
963 1.191666169767780e+01   6.549979130246940e+00   8.707151026331250e-01
964 1.156793449342020e+01   7.147973388155090e+00   8.649945319531740e-01
965 1.118687023916100e+01   7.730837762058800e+00   8.604180754092140e-01
966 1.077447709134270e+01   8.295995413402160e+00   8.569857330012440e-01
967 1.033203372460050e+01   8.840963427275070e+00   8.546975047292640e-01
968 9.861077631332470e+00   9.363387982176800e+00   8.535533905932740e-01
969 9.363387982176800e+00   9.861077631332470e+00   8.535533905932740e-01
970 8.840963427275070e+00   1.033203372460050e+01   8.546975047292640e-01
971 8.295995413402170e+00   1.077447709134270e+01   8.569857330012440e-01
972 7.730837762058800e+00   1.118687023916100e+01   8.604180754092140e-01
973 7.147973388155100e+00   1.156793449342020e+01   8.649945319531740e-01
974 6.549979130246940e+00   1.191666169767780e+01   8.707151026331250e-01
975 5.939489706905430e+00   1.223232030359980e+01   8.775797874490650e-01
976 5.319161808709860e+00   1.251445588809260e+01   8.855885864009950e-01
977 4.691639284028150e+00   1.276288633317600e+01   8.947414994889160e-01
978 4.059520284736470e+00   1.297769207993680e+01   9.050385267128260e-01
979 3.425327113294200e+00   1.315920201338860e+01   9.164796680727270e-01
980 2.791479364662340e+00   1.330797564456780e+01   9.290649235686170e-01
981 2.160270795623740e+00   1.342478232702890e+01   9.427942932004980e-01
982 1.533850190102010e+00   1.351057827717310e+01   9.576677769683680e-01
983 9.142063310927520e-01   1.356648216415290e+01   9.736853748722290e-01
984 3.031570452986920e-01   1.359375000000000e+01   9.908470869120800e-01
985 4.161885606477330e-16   1.359375000000000e+01   1.000000000000000e+00
986 1.390625000000000e+01   0.000000000000000e+00   1.000000000000000e+00
987 1.390625000000000e+01   3.101261727768230e-01   9.908470869120800e-01
988 1.387835531735180e+01   9.352225685891370e-01   9.736853748722290e-01
989 1.382116628354490e+01   1.569111114012410e+00   9.576677769683680e-01
990 1.373339801270770e+01   2.209932193224290e+00   9.427942932004980e-01
991 1.361390611915560e+01   2.855651304079860e+00   9.290649235686170e-01
992 1.346171240450100e+01   3.504070265323950e+00   9.164796680727260e-01
993 1.327602982890090e+01   4.152842590132710e+00   9.050385267128260e-01
994 1.305628601899610e+01   4.799493060672470e+00   8.947414994889160e-01
995 1.280214452919820e+01   5.441441390519280e+00   8.855885864009950e-01
996 1.251352306919980e+01   6.076029700167620e+00   8.775797874490650e-01
997 1.219060794360150e+01   6.700553363126180e+00   8.707151026331250e-01
998 1.183386402200450e+01   7.312294615469010e+00   8.649945319531740e-01
999 1.144403966994630e+01   7.908558170381990e+00   8.604180754092140e-01
1000 1.102216621987930e+01   8.486707951641290e+00   8.569857330012440e-01
1001 1.056955174125800e+01   9.044203965833120e+00   8.546975047292640e-01
1002 1.008776907113320e+01   9.578638280617640e+00   8.535533905932740e-01
1003 9.578638280617640e+00   1.008776907113320e+01   8.535533905932740e-01
1004 9.044203965833110e+00   1.056955174125800e+01   8.546975047292640e-01
1005 8.486707951641290e+00   1.102216621987930e+01   8.569857330012440e-01
1006 7.908558170381990e+00   1.144403966994630e+01   8.604180754092140e-01
1007 7.312294615469010e+00   1.183386402200450e+01   8.649945319531740e-01
1008 6.700553363126180e+00   1.219060794360150e+01   8.707151026331250e-01
1009 6.076029700167620e+00   1.251352306919980e+01   8.775797874490650e-01
1010 5.441441390519290e+00   1.280214452919820e+01   8.855885864009950e-01
1011 4.799493060672470e+00   1.305628601899610e+01   8.947414994889160e-01
1012 4.152842590132710e+00   1.327602982890090e+01   9.050385267128260e-01
1013 3.504070265323950e+00   1.346171240450100e+01   9.164796680727270e-01
1014 2.855651304079860e+00   1.361390611915550e+01   9.290649235686170e-01
1015 2.209932193224290e+00   1.373339801270770e+01   9.427942932004980e-01
1016 1.569111114012400e+00   1.382116628354490e+01   9.576677769683680e-01
1017 9.352225685891370e-01   1.387835531735180e+01   9.736853748722290e-01
1018 3.101261727768230e-01   1.390625000000000e+01   9.908470869120800e-01
1019 4.257561137660720e-16   1.390625000000000e+01   1.000000000000000e+00
1020 1.421875000000000e+01   0.000000000000000e+00   1.000000000000000e+00
1021 1.421875000000000e+01   3.170953002549540e-01   9.908470869120800e-01
1022 1.419022847055070e+01   9.562388060855220e-01   9.736853748722290e-01
1023 1.413175428991670e+01   1.604372037922800e+00   9.576677769683680e-01
1024 1.404201369838660e+01   2.259593590824840e+00   9.427942932004980e-01
1025 1.391983659374330e+01   2.919823243497390e+00   9.290649235686170e-01
1026 1.376422279561340e+01   3.582813417353700e+00   9.164796680727270e-01
1027 1.357436757786490e+01   4.246164895528950e+00   9.050385267128260e-01
1028 1.334968570481620e+01   4.907346837316800e+00   8.947414994889160e-01
1029 1.308983317030370e+01   5.563720972328710e+00   8.855885864009950e-01
1030 1.279472583479980e+01   6.212569693429820e+00   8.775797874490650e-01
1031 1.246455418952510e+01   6.851127596005420e+00   8.707151026331250e-01
1032 1.209979355058890e+01   7.476615842782920e+00   8.649945319531740e-01
1033 1.170120910073160e+01   8.086278578705170e+00   8.604180754092140e-01
1034 1.126985534841590e+01   8.677420489880420e+00   8.569857330012440e-01
1035 1.080706975791550e+01   9.247444504391160e+00   8.546975047292640e-01
1036 1.031446051093400e+01   9.793888579058490e+00   8.535533905932740e-01
1037 9.793888579058490e+00   1.031446051093400e+01   8.535533905932740e-01
1038 9.247444504391160e+00   1.080706975791550e+01   8.546975047292640e-01
1039 8.677420489880430e+00   1.126985534841590e+01   8.569857330012440e-01
1040 8.086278578705180e+00   1.170120910073160e+01   8.604180754092140e-01
1041 7.476615842782920e+00   1.209979355058890e+01   8.649945319531740e-01
1042 6.851127596005420e+00   1.246455418952510e+01   8.707151026331250e-01
1043 6.212569693429820e+00   1.279472583479980e+01   8.775797874490650e-01
1044 5.563720972328710e+00   1.308983317030370e+01   8.855885864009950e-01
1045 4.907346837316800e+00   1.334968570481620e+01   8.947414994889160e-01
1046 4.246164895528960e+00   1.357436757786490e+01   9.050385267128260e-01
1047 3.582813417353700e+00   1.376422279561340e+01   9.164796680727270e-01
1048 2.919823243497390e+00   1.391983659374330e+01   9.290649235686170e-01
1049 2.259593590824830e+00   1.404201369838660e+01   9.427942932004980e-01
1050 1.604372037922800e+00   1.413175428991670e+01   9.576677769683680e-01
1051 9.562388060855220e-01   1.419022847055070e+01   9.736853748722290e-01
1052 3.170953002549540e-01   1.421875000000000e+01   9.908470869120800e-01
1053 4.353236668844110e-16   1.421875000000000e+01   1.000000000000000e+00
1054 1.453125000000000e+01   0.000000000000000e+00   1.000000000000000e+00
1055 1.453125000000000e+01   3.240644277330840e-01   9.908470869120800e-01
1056 1.450210162374960e+01   9.772550435819080e-01   9.736853748722290e-01
1057 1.444234229628850e+01   1.639632961833190e+00   9.576677769683680e-01
1058 1.435062938406540e+01   2.309254988425380e+00   9.427942932004980e-01
1059 1.422576706833110e+01   2.983995182914910e+00   9.290649235686170e-01
1060 1.406673318672580e+01   3.661556569383450e+00   9.164796680727260e-01
1061 1.387270532682900e+01   4.339487200925190e+00   9.050385267128260e-01
1062 1.364308539063640e+01   5.015200613961120e+00   8.947414994889160e-01
1063 1.337752181140930e+01   5.686000554138130e+00   8.855885864009950e-01
1064 1.307592860039980e+01   6.349109686692010e+00   8.775797874490650e-01
1065 1.273850043544870e+01   7.001701828884660e+00   8.707151026331250e-01
1066 1.236572307917330e+01   7.640937070096830e+00   8.649945319531740e-01
1067 1.195837853151690e+01   8.263998987028370e+00   8.604180754092140e-01
1068 1.151754447695250e+01   8.868133028119550e+00   8.569857330012440e-01
1069 1.104458777457300e+01   9.450685042949210e+00   8.546975047292640e-01
1070 1.054115195073470e+01   1.000913887749930e+01   8.535533905932740e-01
1071 1.000913887749930e+01   1.054115195073470e+01   8.535533905932740e-01
1072 9.450685042949210e+00   1.104458777457300e+01   8.546975047292640e-01
1073 8.868133028119550e+00   1.151754447695250e+01   8.569857330012440e-01
1074 8.263998987028370e+00   1.195837853151690e+01   8.604180754092140e-01
1075 7.640937070096830e+00   1.236572307917330e+01   8.649945319531740e-01
1076 7.001701828884660e+00   1.273850043544870e+01   8.707151026331250e-01
1077 6.349109686692010e+00   1.307592860039980e+01   8.775797874490650e-01
1078 5.686000554138130e+00   1.337752181140930e+01   8.855885864009950e-01
1079 5.015200613961120e+00   1.364308539063640e+01   8.947414994889160e-01
1080 4.339487200925200e+00   1.387270532682900e+01   9.050385267128260e-01
1081 3.661556569383450e+00   1.406673318672580e+01   9.164796680727270e-01
1082 2.983995182914920e+00   1.422576706833110e+01   9.290649235686170e-01
1083 2.309254988425380e+00   1.435062938406540e+01   9.427942932004980e-01
1084 1.639632961833190e+00   1.444234229628850e+01   9.576677769683680e-01
1085 9.772550435819070e-01   1.450210162374960e+01   9.736853748722290e-01
1086 3.240644277330840e-01   1.453125000000000e+01   9.908470869120800e-01
1087 4.448912200027490e-16   1.453125000000000e+01   1.000000000000000e+00
1088 1.484375000000000e+01   0.000000000000000e+00   1.000000000000000e+00
1089 1.484375000000000e+01   3.310335552112150e-01   9.908470869120800e-01
1090 1.481397477694860e+01   9.982712810782930e-01   9.736853748722290e-01
1091 1.475293030266030e+01   1.674893885743580e+00   9.576677769683680e-01
1092 1.465924506974420e+01   2.358916386025930e+00   9.427942932004980e-01
1093 1.453169754291890e+01   3.048167122332440e+00   9.290649235686170e-01
1094 1.436924357783820e+01   3.740299721413200e+00   9.164796680727270e-01
1095 1.417104307579310e+01   4.432809506321430e+00   9.050385267128260e-01
1096 1.393648507645650e+01   5.123054390605450e+00   8.947414994889160e-01
1097 1.366521045251490e+01   5.808280135947550e+00   8.855885864009950e-01
1098 1.335713136599980e+01   6.485649679954200e+00   8.775797874490650e-01
1099 1.301244668137240e+01   7.152276061763900e+00   8.707151026331250e-01
1100 1.263165260775770e+01   7.805258297410740e+00   8.649945319531740e-01
1101 1.221554796230220e+01   8.441719395351560e+00   8.604180754092140e-01
1102 1.176523360548910e+01   9.058845566358680e+00   8.569857330012440e-01
1103 1.128210579123050e+01   9.653925581507260e+00   8.546975047292640e-01
1104 1.076784339053550e+01   1.022438917594020e+01   8.535533905932740e-01
1105 1.022438917594020e+01   1.076784339053550e+01   8.535533905932740e-01
1106 9.653925581507260e+00   1.128210579123050e+01   8.546975047292640e-01
1107 9.058845566358690e+00   1.176523360548910e+01   8.569857330012440e-01
1108 8.441719395351560e+00   1.221554796230220e+01   8.604180754092140e-01
1109 7.805258297410740e+00   1.263165260775770e+01   8.649945319531740e-01
1110 7.152276061763900e+00   1.301244668137240e+01   8.707151026331250e-01
1111 6.485649679954200e+00   1.335713136599980e+01   8.775797874490650e-01
1112 5.808280135947550e+00   1.366521045251490e+01   8.855885864009950e-01
1113 5.123054390605450e+00   1.393648507645650e+01   8.947414994889160e-01
1114 4.432809506321440e+00   1.417104307579310e+01   9.050385267128260e-01
1115 3.740299721413210e+00   1.436924357783820e+01   9.164796680727260e-01
1116 3.048167122332440e+00   1.453169754291880e+01   9.290649235686170e-01
1117 2.358916386025930e+00   1.465924506974420e+01   9.427942932004980e-01
1118 1.674893885743580e+00   1.475293030266030e+01   9.576677769683680e-01
1119 9.982712810782920e-01   1.481397477694860e+01   9.736853748722290e-01
1120 3.310335552112150e-01   1.484375000000000e+01   9.908470869120800e-01
1121 4.544587731210880e-16   1.484375000000000e+01   1.000000000000000e+00
1122 1.500000000000000e+01   0.000000000000000e+00   1.000000000000000e+00
1123 1.500000000000000e+01   3.345181189502810e-01   9.908470869120800e-01
1124 1.496991135354800e+01   1.008779399826490e+00   9.736853748722290e-01
1125 1.490822430584620e+01   1.692524347698770e+00   9.576677769683680e-01
1126 1.481355291258360e+01   2.383747084826200e+00   9.427942932004980e-01
1127 1.468466278021270e+01   3.080253092041200e+00   9.290649235686170e-01
1128 1.452049877339440e+01   3.779671297428080e+00   9.164796680727270e-01
1129 1.432021195027510e+01   4.479470659019550e+00   9.050385267128260e-01
1130 1.408318491936660e+01   5.176981278927610e+00   8.947414994889150e-01
1131 1.380905477306770e+01   5.869419926852260e+00   8.855885864009950e-01
1132 1.349773274879980e+01   6.553919676585300e+00   8.775797874490650e-01
1133 1.314941980433420e+01   7.227563178203520e+00   8.707151026331240e-01
1134 1.276461737204980e+01   7.887418911067690e+00   8.649945319531740e-01
1135 1.234413267769490e+01   8.530579599513150e+00   8.604180754092140e-01
1136 1.188907816975740e+01   9.154201835478250e+00   8.569857330012440e-01
1137 1.140086479955920e+01   9.755545850786280e+00   8.546975047292640e-01
1138 1.088118911043580e+01   1.033201432516060e+01   8.535533905932740e-01
1139 1.033201432516060e+01   1.088118911043580e+01   8.535533905932740e-01
1140 9.755545850786280e+00   1.140086479955920e+01   8.546975047292640e-01
1141 9.154201835478250e+00   1.188907816975740e+01   8.569857330012440e-01
1142 8.530579599513160e+00   1.234413267769490e+01   8.604180754092140e-01
1143 7.887418911067690e+00   1.276461737204980e+01   8.649945319531740e-01
1144 7.227563178203520e+00   1.314941980433420e+01   8.707151026331250e-01
1145 6.553919676585300e+00   1.349773274879980e+01   8.775797874490650e-01
1146 5.869419926852260e+00   1.380905477306770e+01   8.855885864009950e-01
1147 5.176981278927610e+00   1.408318491936660e+01   8.947414994889160e-01
1148 4.479470659019560e+00   1.432021195027510e+01   9.050385267128260e-01
1149 3.779671297428080e+00   1.452049877339440e+01   9.164796680727260e-01
1150 3.080253092041200e+00   1.468466278021270e+01   9.290649235686170e-01
1151 2.383747084826200e+00   1.481355291258360e+01   9.427942932004980e-01
1152 1.692524347698770e+00   1.490822430584620e+01   9.576677769683680e-01
1153 1.008779399826480e+00   1.496991135354800e+01   9.736853748722290e-01
1154 3.345181189502810e-01   1.500000000000000e+01   9.908470869120800e-01
1155 4.592425496802570e-16   1.500000000000000e+01   1.000000000000000e+00