2

210000  3.000000e-01

1

324

2    2    

21    21    

18    18    

0    1    2    3    4    5    6    7    8    9    10   11   12   13   14   15   16   17   18   19   20   21   22   23   24   25   26   27   28   29   30   31   32   33   34   35   36   37   38   39   40   41   42   43   44   45   46   47   48   49   50   51   52   53   54   55   56   57   58   59   60   61   62   63   64   65   66   67   68   69   70   71   72   73   74   75   76   77   78   79   80   81   82   83   84   85   86   87   88   89   90   91   92   93   94   95   96   97   98   99   100  101  102  103  104  105  106  107  108  109  110  111  112  113  114  115  116  117  118  119  120  121  122  123  124  125  126  127  128  129  130  131  132  133  134  135  136  137  138  139  140  141  142  143  144  145  146  147  148  149  150  151  152  153  154  155  156  157  158  159  160  161  162  163  164  165  166  167  168  169  170  171  172  173  174  175  176  177  178  179  180  181  182  183  184  185  186  187  188  189  190  191  192  193  194  195  196  197  198  199  200  201  202  203  204  205  206  207  208  209  210  211  212  213  214  215  216  217  218  219  220  221  222  223  224  225  226  227  228  229  230  231  232  233  234  235  236  237  238  239  240  241  242  243  244  245  246  247  248  249  250  251  252  253  254  255  256  257  258  259  260  261  262  263  264  265  266  267  268  269  270  271  272  273  274  275  276  277  278  279  280  281  282  283  284  285  286  287  288  289  290  291  292  293  294  295  296  297  298  299  300  301  302  303  304  305  306  307  308  309  310  311  312  313  314  315  316  317  318  319  320  321  322  323

0 0 0

0.0    0.0    0.0    0.0625    0.125    0.1875    0.25    0.3125    0.375    0.4375    0.5    0.5625    0.625    0.6875    0.75    0.8125    0.875    0.9375    1.0    1.0    1.0    
0.0    0.0    0.0    0.0625    0.125    0.1875    0.25    0.3125    0.375    0.4375    0.5    0.5625    0.625    0.6875    0.75    0.8125    0.875    0.9375    1.0    1.0    1.0    

0 5.000000000000000e+00   0.000000000000000e+00   1.000000000000000e+00
1 5.000000000000000e+00   2.250913522894920e-01   9.816941738241590e-01
2 4.958866813346420e+00   6.810154013738970e-01   9.496589780164380e-01
3 4.872926187745840e+00   1.145427694957120e+00   9.222002387526770e-01
4 4.739385832977370e+00   1.612015828705840e+00   8.993179560328760e-01
5 4.556617909377270e+00   2.073678201889950e+00   8.810121298570350e-01
6 4.324398538894180e+00   2.522794642612010e+00   8.672827602251540e-01
7 4.044069492820220e+00   2.951577484614770e+00   8.581298471372340e-01
8 3.718592167691150e+00   3.352475644174330e+00   8.535533905932740e-01
9 3.352475644174330e+00   3.718592167691150e+00   8.535533905932740e-01
10 2.951577484614770e+00   4.044069492820220e+00   8.581298471372340e-01
11 2.522794642612010e+00   4.324398538894180e+00   8.672827602251540e-01
12 2.073678201889950e+00   4.556617909377270e+00   8.810121298570350e-01
13 1.612015828705840e+00   4.739385832977370e+00   8.993179560328760e-01
14 1.145427694957120e+00   4.872926187745840e+00   9.222002387526770e-01
15 6.810154013738970e-01   4.958866813346420e+00   9.496589780164380e-01
16 2.250913522894920e-01   5.000000000000000e+00   9.816941738241590e-01
17 1.530808498934190e-16   5.000000000000000e+00   1.000000000000000e+00
18 5.312500000000000e+00   0.000000000000000e+00   1.000000000000000e+00
19 5.312500000000000e+00   2.391595618075860e-01   9.816941738241590e-01
20 5.268795989180570e+00   7.235788639597660e-01   9.496589780164380e-01
21 5.177484074479950e+00   1.217016925891940e+00   9.222002387526770e-01
22 5.035597447538460e+00   1.712766817999960e+00   8.993179560328760e-01
23 4.841406528713340e+00   2.203283089508080e+00   8.810121298570350e-01
24 4.594673447575070e+00   2.680469307775260e+00   8.672827602251540e-01
25 4.296823836121490e+00   3.136051077403190e+00   8.581298471372340e-01
26 3.951004178171840e+00   3.562005371935230e+00   8.535533905932740e-01
27 3.562005371935230e+00   3.951004178171840e+00   8.535533905932740e-01
28 3.136051077403190e+00   4.296823836121490e+00   8.581298471372340e-01
29 2.680469307775260e+00   4.594673447575070e+00   8.672827602251540e-01
30 2.203283089508080e+00   4.841406528713340e+00   8.810121298570350e-01
31 1.712766817999960e+00   5.035597447538460e+00   8.993179560328760e-01
32 1.217016925891940e+00   5.177484074479950e+00   9.222002387526770e-01
33 7.235788639597650e-01   5.268795989180570e+00   9.496589780164380e-01
34 2.391595618075860e-01   5.312500000000000e+00   9.816941738241590e-01
35 1.626484030117580e-16   5.312500000000000e+00   1.000000000000000e+00
36 5.937500000000000e+00   0.000000000000000e+00   1.000000000000000e+00
37 5.937500000000000e+00   2.672959808437720e-01   9.816941738241590e-01
38 5.888654340848870e+00   8.087057891315030e-01   9.496589780164380e-01
39 5.786599847948190e+00   1.360195387761580e+00   9.222002387526770e-01
40 5.628020676660630e+00   1.914268796588190e+00   8.993179560328760e-01
41 5.410983767385500e+00   2.462492864744320e+00   8.810121298570350e-01
42 5.135223264936840e+00   2.995818638101760e+00   8.672827602251540e-01
43 4.802332522724020e+00   3.504998262980030e+00   8.581298471372340e-01
44 4.415828199133240e+00   3.981064827457020e+00   8.535533905932740e-01
45 3.981064827457020e+00   4.415828199133240e+00   8.535533905932740e-01
46 3.504998262980030e+00   4.802332522724020e+00   8.581298471372340e-01
47 2.995818638101760e+00   5.135223264936840e+00   8.672827602251540e-01
48 2.462492864744320e+00   5.410983767385500e+00   8.810121298570350e-01
49 1.914268796588190e+00   5.628020676660630e+00   8.993179560328760e-01
50 1.360195387761580e+00   5.786599847948180e+00   9.222002387526770e-01
51 8.087057891315020e-01   5.888654340848870e+00   9.496589780164380e-01
52 2.672959808437720e-01   5.937500000000000e+00   9.816941738241590e-01
53 1.817835092484350e-16   5.937500000000000e+00   1.000000000000000e+00
54 6.562500000000000e+00   0.000000000000000e+00   1.000000000000000e+00
55 6.562500000000000e+00   2.954323998799590e-01   9.816941738241590e-01
56 6.508512692517170e+00   8.938327143032400e-01   9.496589780164380e-01
57 6.395715621416420e+00   1.503373849631220e+00   9.222002387526770e-01
58 6.220443905782800e+00   2.115770775176420e+00   8.993179560328760e-01
59 5.980561006057660e+00   2.721702639980560e+00   8.810121298570350e-01
60 5.675773082298620e+00   3.311167968428260e+00   8.672827602251540e-01
61 5.307841209326540e+00   3.873945448556880e+00   8.581298471372340e-01
62 4.880652220094630e+00   4.400124282978810e+00   8.535533905932740e-01
63 4.400124282978810e+00   4.880652220094630e+00   8.535533905932740e-01
64 3.873945448556880e+00   5.307841209326540e+00   8.581298471372340e-01
65 3.311167968428260e+00   5.675773082298620e+00   8.672827602251540e-01
66 2.721702639980560e+00   5.980561006057660e+00   8.810121298570350e-01
67 2.115770775176420e+00   6.220443905782800e+00   8.993179560328760e-01
68 1.503373849631220e+00   6.395715621416410e+00   9.222002387526770e-01
69 8.938327143032400e-01   6.508512692517170e+00   9.496589780164380e-01
70 2.954323998799590e-01   6.562500000000000e+00   9.816941738241590e-01
71 2.009186154851130e-16   6.562500000000000e+00   1.000000000000000e+00
72 7.187500000000000e+00   0.000000000000000e+00   1.000000000000000e+00
73 7.187500000000000e+00   3.235688189161450e-01   9.816941738241590e-01
74 7.128371044185470e+00   9.789596394749770e-01   9.496589780164380e-01
75 7.004831394884650e+00   1.646552311500860e+00   9.222002387526770e-01
76 6.812867134904970e+00   2.317272753764650e+00   8.993179560328760e-01
77 6.550138244729820e+00   2.980912415216810e+00   8.810121298570350e-01
78 6.216322899660390e+00   3.626517298754760e+00   8.672827602251540e-01
79 5.813349895929070e+00   4.242892634133730e+00   8.581298471372340e-01
80 5.345476241056020e+00   4.819183738500600e+00   8.535533905932740e-01
81 4.819183738500600e+00   5.345476241056020e+00   8.535533905932740e-01
82 4.242892634133730e+00   5.813349895929070e+00   8.581298471372340e-01
83 3.626517298754760e+00   6.216322899660390e+00   8.672827602251540e-01
84 2.980912415216810e+00   6.550138244729820e+00   8.810121298570350e-01
85 2.317272753764650e+00   6.812867134904970e+00   8.993179560328760e-01
86 1.646552311500860e+00   7.004831394884640e+00   9.222002387526770e-01
87 9.789596394749770e-01   7.128371044185470e+00   9.496589780164380e-01
88 3.235688189161450e-01   7.187500000000000e+00   9.816941738241590e-01
89 2.200537217217900e-16   7.187500000000000e+00   1.000000000000000e+00
90 7.812500000000000e+00   0.000000000000000e+00   1.000000000000000e+00
91 7.812500000000000e+00   3.517052379523320e-01   9.816941738241590e-01
92 7.748229395853780e+00   1.064086564646710e+00   9.496589780164380e-01
93 7.613947168352870e+00   1.789730773370500e+00   9.222002387526770e-01
94 7.405290364027150e+00   2.518774732352880e+00   8.993179560328760e-01
95 7.119715483401980e+00   3.240122190453050e+00   8.810121298570350e-01
96 6.756872717022160e+00   3.941866629081260e+00   8.672827602251540e-01
97 6.318858582531600e+00   4.611839819710570e+00   8.581298471372340e-01
98 5.810300262017410e+00   5.238243194022390e+00   8.535533905932740e-01
99 5.238243194022390e+00   5.810300262017410e+00   8.535533905932740e-01
100 4.611839819710570e+00   6.318858582531600e+00   8.581298471372340e-01
101 3.941866629081260e+00   6.756872717022160e+00   8.672827602251540e-01
102 3.240122190453050e+00   7.119715483401980e+00   8.810121298570350e-01
103 2.518774732352880e+00   7.405290364027140e+00   8.993179560328760e-01
104 1.789730773370500e+00   7.613947168352870e+00   9.222002387526770e-01
105 1.064086564646710e+00   7.748229395853780e+00   9.496589780164380e-01
106 3.517052379523320e-01   7.812500000000000e+00   9.816941738241590e-01
107 2.391888279584670e-16   7.812500000000000e+00   1.000000000000000e+00
108 8.437500000000000e+00   0.000000000000000e+00   1.000000000000000e+00
109 8.437500000000000e+00   3.798416569885190e-01   9.816941738241590e-01
110 8.368087747522080e+00   1.149213489818450e+00   9.496589780164380e-01
111 8.223062941821100e+00   1.932909235240140e+00   9.222002387526770e-01
112 7.997713593149320e+00   2.720276710941110e+00   8.993179560328760e-01
113 7.689292722074140e+00   3.499331965689300e+00   8.810121298570350e-01
114 7.297422534383930e+00   4.257215959407760e+00   8.672827602251540e-01
115 6.824367269134130e+00   4.980787005287420e+00   8.581298471372340e-01
116 6.275124282978810e+00   5.657302649544180e+00   8.535533905932740e-01
117 5.657302649544180e+00   6.275124282978810e+00   8.535533905932740e-01
118 4.980787005287420e+00   6.824367269134130e+00   8.581298471372340e-01
119 4.257215959407760e+00   7.297422534383940e+00   8.672827602251540e-01
120 3.499331965689300e+00   7.689292722074140e+00   8.810121298570350e-01
121 2.720276710941110e+00   7.997713593149320e+00   8.993179560328760e-01
122 1.932909235240140e+00   8.223062941821100e+00   9.222002387526770e-01
123 1.149213489818450e+00   8.368087747522080e+00   9.496589780164380e-01
124 3.798416569885180e-01   8.437500000000000e+00   9.816941738241590e-01
125 2.583239341951450e-16   8.437500000000000e+00   1.000000000000000e+00
126 9.062500000000000e+00   0.000000000000000e+00   1.000000000000000e+00
127 9.062500000000000e+00   4.079780760247050e-01   9.816941738241590e-01
128 8.987946099190380e+00   1.234340414990190e+00   9.496589780164380e-01
129 8.832178715289330e+00   2.076087697109780e+00   9.222002387526770e-01
130 8.590136822271490e+00   2.921778689529340e+00   8.993179560328760e-01
131 8.258869960746290e+00   3.758541740925540e+00   8.810121298570350e-01
132 7.837972351745710e+00   4.572565289734260e+00   8.672827602251540e-01
133 7.329875955736660e+00   5.349734190864260e+00   8.581298471372340e-01
134 6.739948303940200e+00   6.076362105065970e+00   8.535533905932740e-01
135 6.076362105065970e+00   6.739948303940200e+00   8.535533905932740e-01
136 5.349734190864260e+00   7.329875955736660e+00   8.581298471372340e-01
137 4.572565289734260e+00   7.837972351745710e+00   8.672827602251540e-01
138 3.758541740925540e+00   8.258869960746290e+00   8.810121298570350e-01
139 2.921778689529340e+00   8.590136822271490e+00   8.993179560328760e-01
140 2.076087697109780e+00   8.832178715289330e+00   9.222002387526770e-01
141 1.234340414990190e+00   8.987946099190380e+00   9.496589780164380e-01
142 4.079780760247050e-01   9.062500000000000e+00   9.816941738241590e-01
143 2.774590404318220e-16   9.062500000000000e+00   1.000000000000000e+00
144 9.687500000000000e+00   0.000000000000000e+00   1.000000000000000e+00
145 9.687500000000000e+00   4.361144950608920e-01   9.816941738241590e-01
146 9.607804450858680e+00   1.319467340161930e+00   9.496589780164380e-01
147 9.441294488757560e+00   2.219266158979420e+00   9.222002387526770e-01
148 9.182560051393660e+00   3.123280668117570e+00   8.993179560328760e-01
149 8.828447199418450e+00   4.017751516161780e+00   8.810121298570350e-01
150 8.378522169107480e+00   4.887914620060760e+00   8.672827602251540e-01
151 7.835384642339190e+00   5.718681376441110e+00   8.581298471372340e-01
152 7.204772324901590e+00   6.495421560587760e+00   8.535533905932740e-01
153 6.495421560587760e+00   7.204772324901600e+00   8.535533905932740e-01
154 5.718681376441110e+00   7.835384642339190e+00   8.581298471372340e-01
155 4.887914620060760e+00   8.378522169107480e+00   8.672827602251540e-01
156 4.017751516161780e+00   8.828447199418450e+00   8.810121298570350e-01
157 3.123280668117570e+00   9.182560051393660e+00   8.993179560328760e-01
158 2.219266158979420e+00   9.441294488757560e+00   9.222002387526770e-01
159 1.319467340161930e+00   9.607804450858690e+00   9.496589780164380e-01
160 4.361144950608920e-01   9.687500000000000e+00   9.816941738241590e-01
161 2.965941466685000e-16   9.687500000000000e+00   1.000000000000000e+00
162 1.031250000000000e+01   0.000000000000000e+00   1.000000000000000e+00
163 1.031250000000000e+01   4.642509140970780e-01   9.816941738241590e-01
164 1.022766280252700e+01   1.404594265333660e+00   9.496589780164380e-01
165 1.005041026222580e+01   2.362444620849060e+00   9.222002387526770e-01
166 9.774983280515830e+00   3.324782646705800e+00   8.993179560328760e-01
167 9.398024438090610e+00   4.276961291398030e+00   8.810121298570350e-01
168 8.919071986469250e+00   5.203263950387260e+00   8.672827602251540e-01
169 8.340893328941710e+00   6.087628562017950e+00   8.581298471372340e-01
170 7.669596345862990e+00   6.914481016109550e+00   8.535533905932740e-01
171 6.914481016109550e+00   7.669596345862990e+00   8.535533905932740e-01
172 6.087628562017960e+00   8.340893328941710e+00   8.581298471372340e-01
173 5.203263950387260e+00   8.919071986469250e+00   8.672827602251540e-01
174 4.276961291398030e+00   9.398024438090610e+00   8.810121298570350e-01
175 3.324782646705800e+00   9.774983280515830e+00   8.993179560328760e-01
176 2.362444620849060e+00   1.005041026222580e+01   9.222002387526770e-01
177 1.404594265333660e+00   1.022766280252700e+01   9.496589780164380e-01
178 4.642509140970780e-01   1.031250000000000e+01   9.816941738241590e-01
179 3.157292529051770e-16   1.031250000000000e+01   1.000000000000000e+00
180 1.093750000000000e+01   0.000000000000000e+00   1.000000000000000e+00
181 1.093750000000000e+01   4.923873331332650e-01   9.816941738241590e-01
182 1.084752115419530e+01   1.489721190505400e+00   9.496589780164380e-01
183 1.065952603569400e+01   2.505623082718700e+00   9.222002387526770e-01
184 1.036740650963800e+01   3.526284625294030e+00   8.993179560328760e-01
185 9.967601676762770e+00   4.536171066634270e+00   8.810121298570350e-01
186 9.459621803831020e+00   5.518613280713760e+00   8.672827602251540e-01
187 8.846402015544240e+00   6.456575747594800e+00   8.581298471372340e-01
188 8.134420366824380e+00   7.333540471631350e+00   8.535533905932740e-01
189 7.333540471631350e+00   8.134420366824380e+00   8.535533905932740e-01
190 6.456575747594800e+00   8.846402015544240e+00   8.581298471372340e-01
191 5.518613280713760e+00   9.459621803831030e+00   8.672827602251540e-01
192 4.536171066634270e+00   9.967601676762770e+00   8.810121298570350e-01
193 3.526284625294030e+00   1.036740650963800e+01   8.993179560328760e-01
194 2.505623082718700e+00   1.065952603569400e+01   9.222002387526770e-01
195 1.489721190505400e+00   1.084752115419530e+01   9.496589780164380e-01
196 4.923873331332650e-01   1.093750000000000e+01   9.816941738241590e-01
197 3.348643591418540e-16   1.093750000000000e+01   1.000000000000000e+00
198 1.156250000000000e+01   0.000000000000000e+00   1.000000000000000e+00
199 1.156250000000000e+01   5.205237521694510e-01   9.816941738241590e-01
200 1.146737950586360e+01   1.574848115677140e+00   9.496589780164380e-01
201 1.126864180916230e+01   2.648801544588340e+00   9.222002387526770e-01
202 1.095982973876020e+01   3.727786603882260e+00   8.993179560328760e-01
203 1.053717891543490e+01   4.795380841870520e+00   8.810121298570350e-01
204 1.000017162119280e+01   5.833962611040260e+00   8.672827602251540e-01
205 9.351910702146770e+00   6.825522933171650e+00   8.581298471372340e-01
206 8.599244387785780e+00   7.752599927153140e+00   8.535533905932740e-01
207 7.752599927153140e+00   8.599244387785780e+00   8.535533905932740e-01
208 6.825522933171650e+00   9.351910702146770e+00   8.581298471372340e-01
209 5.833962611040260e+00   1.000017162119280e+01   8.672827602251540e-01
210 4.795380841870520e+00   1.053717891543490e+01   8.810121298570350e-01
211 3.727786603882260e+00   1.095982973876020e+01   8.993179560328760e-01
212 2.648801544588340e+00   1.126864180916230e+01   9.222002387526770e-01
213 1.574848115677140e+00   1.146737950586360e+01   9.496589780164380e-01
214 5.205237521694510e-01   1.156250000000000e+01   9.816941738241590e-01
215 3.539994653785320e-16   1.156250000000000e+01   1.000000000000000e+00
216 1.218750000000000e+01   0.000000000000000e+00   1.000000000000000e+00
217 1.218750000000000e+01   5.486601712056380e-01   9.816941738241590e-01
218 1.208723785753190e+01   1.659975040848870e+00   9.496589780164380e-01
219 1.187775758263050e+01   2.791980006457980e+00   9.222002387526770e-01
220 1.155225296788230e+01   3.929288582470490e+00   8.993179560328760e-01
221 1.110675615410710e+01   5.054590617106760e+00   8.810121298570350e-01
222 1.054072143855460e+01   6.149311941366760e+00   8.672827602251540e-01
223 9.857419388749300e+00   7.194470118748490e+00   8.581298471372340e-01
224 9.064068408747170e+00   8.171659382674930e+00   8.535533905932740e-01
225 8.171659382674930e+00   9.064068408747170e+00   8.535533905932740e-01
226 7.194470118748490e+00   9.857419388749300e+00   8.581298471372340e-01
227 6.149311941366760e+00   1.054072143855460e+01   8.672827602251540e-01
228 5.054590617106760e+00   1.110675615410710e+01   8.810121298570350e-01
229 3.929288582470490e+00   1.155225296788230e+01   8.993179560328760e-01
230 2.791980006457980e+00   1.187775758263050e+01   9.222002387526770e-01
231 1.659975040848870e+00   1.208723785753190e+01   9.496589780164380e-01
232 5.486601712056380e-01   1.218750000000000e+01   9.816941738241590e-01
233 3.731345716152090e-16   1.218750000000000e+01   1.000000000000000e+00
234 1.281250000000000e+01   0.000000000000000e+00   1.000000000000000e+00
235 1.281250000000000e+01   5.767965902418250e-01   9.816941738241590e-01
236 1.270709620920020e+01   1.745101966020610e+00   9.496589780164380e-01
237 1.248687335609870e+01   2.935158468327620e+00   9.222002387526770e-01
238 1.214467619700450e+01   4.130790561058720e+00   8.993179560328760e-01
239 1.167633339277920e+01   5.313800392343010e+00   8.810121298570350e-01
240 1.108127125591630e+01   6.464661271693260e+00   8.672827602251540e-01
241 1.036292807535180e+01   7.563417304325330e+00   8.581298471372340e-01
242 9.528892429708560e+00   8.590718838196720e+00   8.535533905932740e-01
243 8.590718838196720e+00   9.528892429708560e+00   8.535533905932740e-01
244 7.563417304325340e+00   1.036292807535180e+01   8.581298471372340e-01
245 6.464661271693260e+00   1.108127125591630e+01   8.672827602251540e-01
246 5.313800392343010e+00   1.167633339277920e+01   8.810121298570350e-01
247 4.130790561058720e+00   1.214467619700450e+01   8.993179560328760e-01
248 2.935158468327620e+00   1.248687335609870e+01   9.222002387526770e-01
249 1.745101966020610e+00   1.270709620920020e+01   9.496589780164380e-01
250 5.767965902418240e-01   1.281250000000000e+01   9.816941738241590e-01
251 3.922696778518870e-16   1.281250000000000e+01   1.000000000000000e+00
252 1.343750000000000e+01   0.000000000000000e+00   1.000000000000000e+00
253 1.343750000000000e+01   6.049330092780110e-01   9.816941738241590e-01
254 1.332695456086850e+01   1.830228891192350e+00   9.496589780164380e-01
255 1.309598912956690e+01   3.078336930197260e+00   9.222002387526770e-01
256 1.273709942612670e+01   4.332292539646950e+00   8.993179560328760e-01
257 1.224591063145140e+01   5.573010167579250e+00   8.810121298570350e-01
258 1.162182107327810e+01   6.780010602019760e+00   8.672827602251540e-01
259 1.086843676195440e+01   7.932364489902180e+00   8.581298471372340e-01
260 9.993716450669960e+00   9.009778293718510e+00   8.535533905932740e-01
261 9.009778293718510e+00   9.993716450669960e+00   8.535533905932740e-01
262 7.932364489902180e+00   1.086843676195440e+01   8.581298471372340e-01
263 6.780010602019770e+00   1.162182107327810e+01   8.672827602251540e-01
264 5.573010167579250e+00   1.224591063145140e+01   8.810121298570350e-01
265 4.332292539646950e+00   1.273709942612670e+01   8.993179560328760e-01
266 3.078336930197260e+00   1.309598912956690e+01   9.222002387526770e-01
267 1.830228891192350e+00   1.332695456086850e+01   9.496589780164380e-01
268 6.049330092780110e-01   1.343750000000000e+01   9.816941738241590e-01
269 4.114047840885640e-16   1.343750000000000e+01   1.000000000000000e+00
270 1.406250000000000e+01   0.000000000000000e+00   1.000000000000000e+00
271 1.406250000000000e+01   6.330694283141980e-01   9.816941738241590e-01
272 1.394681291253680e+01   1.915355816364090e+00   9.496589780164380e-01
273 1.370510490303520e+01   3.221515392066900e+00   9.222002387526770e-01
274 1.332952265524890e+01   4.533794518235180e+00   8.993179560328760e-01
275 1.281548787012360e+01   5.832219942815490e+00   8.810121298570350e-01
276 1.216237089063990e+01   7.095359932346260e+00   8.672827602251540e-01
277 1.137394544855690e+01   8.301311675479030e+00   8.581298471372340e-01
278 1.045854047163130e+01   9.428837749240300e+00   8.535533905932740e-01
279 9.428837749240300e+00   1.045854047163130e+01   8.535533905932740e-01
280 8.301311675479030e+00   1.137394544855690e+01   8.581298471372340e-01
281 7.095359932346270e+00   1.216237089063990e+01   8.672827602251540e-01
282 5.832219942815500e+00   1.281548787012360e+01   8.810121298570350e-01
283 4.533794518235180e+00   1.332952265524890e+01   8.993179560328760e-01
284 3.221515392066900e+00   1.370510490303520e+01   9.222002387526770e-01
285 1.915355816364080e+00   1.394681291253680e+01   9.496589780164380e-01
286 6.330694283141970e-01   1.406250000000000e+01   9.816941738241590e-01
287 4.305398903252410e-16   1.406250000000000e+01   1.000000000000000e+00
288 1.468750000000000e+01   0.000000000000000e+00   1.000000000000000e+00
289 1.468750000000000e+01   6.612058473503840e-01   9.816941738241590e-01
290 1.456667126420510e+01   2.000482741535820e+00   9.496589780164380e-01
291 1.431422067650340e+01   3.364693853936540e+00   9.222002387526770e-01
292 1.392194588437100e+01   4.735296496823410e+00   8.993179560328760e-01
293 1.338506510879570e+01   6.091429718051740e+00   8.810121298570350e-01
294 1.270292070800170e+01   7.410709262672770e+00   8.672827602251540e-01
295 1.187945413515940e+01   8.670258861055870e+00   8.581298471372340e-01
296 1.092336449259270e+01   9.847897204762090e+00   8.535533905932740e-01
297 9.847897204762090e+00   1.092336449259270e+01   8.535533905932740e-01
298 8.670258861055870e+00   1.187945413515940e+01   8.581298471372340e-01
299 7.410709262672770e+00   1.270292070800170e+01   8.672827602251540e-01
300 6.091429718051740e+00   1.338506510879570e+01   8.810121298570350e-01
301 4.735296496823410e+00   1.392194588437100e+01   8.993179560328760e-01
302 3.364693853936540e+00   1.431422067650340e+01   9.222002387526770e-01
303 2.000482741535820e+00   1.456667126420510e+01   9.496589780164380e-01
304 6.612058473503840e-01   1.468750000000000e+01   9.816941738241590e-01
305 4.496749965619190e-16   1.468750000000000e+01   1.000000000000000e+00
306 1.500000000000000e+01   0.000000000000000e+00   1.000000000000000e+00
307 1.500000000000000e+01   6.752740568684780e-01   9.816941738241590e-01
308 1.487660044003930e+01   2.043046204121690e+00   9.496589780164380e-01
309 1.461877856323750e+01   3.436283084871360e+00   9.222002387526770e-01
310 1.421815749893210e+01   4.836047486117520e+00   8.993179560328760e-01
311 1.366985372813180e+01   6.221034605669860e+00   8.810121298570350e-01
312 1.297319561668260e+01   7.568383927836020e+00   8.672827602251540e-01
313 1.213220847846070e+01   8.854732453844300e+00   8.581298471372340e-01
314 1.115577650307340e+01   1.005742693252300e+01   8.535533905932740e-01
315 1.005742693252300e+01   1.115577650307340e+01   8.535533905932740e-01
316 8.854732453844300e+00   1.213220847846070e+01   8.581298471372340e-01
317 7.568383927836020e+00   1.297319561668260e+01   8.672827602251540e-01
318 6.221034605669860e+00   1.366985372813180e+01   8.810121298570350e-01
319 4.836047486117520e+00   1.421815749893210e+01   8.993179560328760e-01
320 3.436283084871360e+00   1.461877856323750e+01   9.222002387526770e-01
321 2.043046204121690e+00   1.487660044003930e+01   9.496589780164380e-01
322 6.752740568684770e-01   1.500000000000000e+01   9.816941738241590e-01
323 4.592425496802570e-16   1.500000000000000e+01   1.000000000000000e+00
