2

210000  3.000000e-01

1

121

3    3

15   15

11   11

0    1    2    3    4    5    6    7    8    9    10   11   12   13   14   15   16   17   18   19   20   21   22   23   24   25   26   27   28   29   30   31   32   33   34   35   36   37   38   39   40   41   42   43   44   45   46   47   48   49   50   51   52   53   54   55   56   57   58   59   60   61   62   63   64   65   66   67   68   69   70   71   72   73   74   75   76   77   78   79   80   81   82   83   84   85   86   87   88   89   90   91   92   93   94   95   96   97   98   99   100  101  102  103  104  105  106  107  108  109  110  111  112  113  114  115  116  117  118  119  120

42   0    0

0.0000000000000000e+00  0.0000000000000000e+00  0.0000000000000000e+00  0.0000000000000000e+00  1.2500000000000000e-01  2.5000000000000000e-01  3.7500000000000000e-01  5.0000000000000000e-01  6.2500000000000000e-01  7.5000000000000000e-01  8.7500000000000000e-01  1.0000000000000000e+00  1.0000000000000000e+00  1.0000000000000000e+00  1.0000000000000000e+00
0.0000000000000000e+00  0.0000000000000000e+00  0.0000000000000000e+00  0.0000000000000000e+00  1.2500000000000000e-01  2.5000000000000000e-01  3.7500000000000000e-01  5.0000000000000000e-01  6.2500000000000000e-01  7.5000000000000000e-01  8.7500000000000000e-01  1.0000000000000000e+00  1.0000000000000000e+00  1.0000000000000000e+00  1.0000000000000000e+00

0     0.0000000000000000e+00  0.0000000000000000e+00  1.0000000000000000e+00
1     0.0000000000000000e+00  0.0000000000000000e+00  1.0000000000000000e+00
2     4.1666666666639327e-03  0.0000000000000000e+00  9.9999999999965627e-01
3     2.1354166666660786e-02  0.0000000000000000e+00  9.9999999999942180e-01
4     4.7916666666665705e-02  0.0000000000000000e+00  9.9999999999928113e-01
5     8.2291666666678656e-02  0.0000000000000000e+00  9.9999999999923428e-01
6     1.2291666666669464e-01  0.0000000000000000e+00  9.9999999999928113e-01
7     1.6822916666670515e-01  0.0000000000000000e+00  9.9999999999942180e-01
8     2.1666666666669951e-01  0.0000000000000000e+00  9.9999999999965627e-01
9     2.5000000000001465e-01  0.0000000000000000e+00  9.9999999999987499e-01
10    2.6666666666666672e-01  0.0000000000000000e+00  1.0000000000000000e+00
11    0.0000000000000000e+00  0.0000000000000000e+00  1.0000000000000000e+00
12    0.0000000000000000e+00  0.0000000000000000e+00  1.0000000000000000e+00
13    4.1666666666639327e-03  0.0000000000000000e+00  9.9999999999965627e-01
14    2.1354166666660786e-02  0.0000000000000000e+00  9.9999999999942180e-01
15    4.7916666666665705e-02  0.0000000000000000e+00  9.9999999999928113e-01
16    8.2291666666678656e-02  0.0000000000000000e+00  9.9999999999923428e-01
17    1.2291666666669464e-01  0.0000000000000000e+00  9.9999999999928113e-01
18    1.6822916666670515e-01  0.0000000000000000e+00  9.9999999999942180e-01
19    2.1666666666669951e-01  0.0000000000000000e+00  9.9999999999965627e-01
20    2.5000000000001465e-01  0.0000000000000000e+00  9.9999999999987499e-01
21    2.6666666666666672e-01  0.0000000000000000e+00  1.0000000000000000e+00
22    0.0000000000000000e+00  1.0416666666659831e-02  9.9999999999965627e-01
23    0.0000000000000000e+00  1.0416666666659831e-02  9.9999999999965627e-01
24    4.1666666666639327e-03  1.0416666666659831e-02  9.9999999999931244e-01
25    2.1354166666660783e-02  1.0416666666659833e-02  9.9999999999907807e-01
26    4.7916666666665705e-02  1.0416666666659835e-02  9.9999999999893741e-01
27    8.2291666666678642e-02  1.0416666666659833e-02  9.9999999999889055e-01
28    1.2291666666669464e-01  1.0416666666659833e-02  9.9999999999893729e-01
29    1.6822916666670515e-01  1.0416666666659833e-02  9.9999999999907807e-01
30    2.1666666666669954e-01  1.0416666666659831e-02  9.9999999999931244e-01
31    2.5000000000001471e-01  1.0416666666659831e-02  9.9999999999953115e-01
32    2.6666666666666666e-01  1.0416666666659831e-02  9.9999999999965627e-01
33    0.0000000000000000e+00  5.3385416666651961e-02  9.9999999999942180e-01
34    0.0000000000000000e+00  5.3385416666651961e-02  9.9999999999942180e-01
35    4.1666666666639336e-03  5.3385416666651961e-02  9.9999999999907807e-01
36    2.1354166666660786e-02  5.3385416666651968e-02  9.9999999999884370e-01
37    4.7916666666665698e-02  5.3385416666651975e-02  9.9999999999870304e-01
38    8.2291666666678656e-02  5.3385416666651975e-02  9.9999999999865608e-01
39    1.2291666666669461e-01  5.3385416666651961e-02  9.9999999999870304e-01
40    1.6822916666670509e-01  5.3385416666651968e-02  9.9999999999884370e-01
41    2.1666666666669954e-01  5.3385416666651961e-02  9.9999999999907807e-01
42    2.5000000000001465e-01  5.3385416666651954e-02  9.9999999999929690e-01
43    2.6666666666666677e-01  5.3385416666651961e-02  9.9999999999942180e-01
44    0.0000000000000000e+00  1.1979166666666424e-01  9.9999999999928113e-01
45    0.0000000000000000e+00  1.1979166666666424e-01  9.9999999999928113e-01
46    4.1666666666639344e-03  1.1979166666666423e-01  9.9999999999893741e-01
47    2.1354166666660790e-02  1.1979166666666424e-01  9.9999999999870304e-01
48    4.7916666666665692e-02  1.1979166666666424e-01  9.9999999999856248e-01
49    8.2291666666678656e-02  1.1979166666666426e-01  9.9999999999851552e-01
50    1.2291666666669461e-01  1.1979166666666421e-01  9.9999999999856248e-01
51    1.6822916666670512e-01  1.1979166666666424e-01  9.9999999999870304e-01
52    2.1666666666669948e-01  1.1979166666666421e-01  9.9999999999893752e-01
53    2.5000000000001471e-01  1.1979166666666424e-01  9.9999999999915612e-01
54    2.6666666666666672e-01  1.1979166666666424e-01  9.9999999999928113e-01
55    0.0000000000000000e+00  2.0572916666669661e-01  9.9999999999923428e-01
56    0.0000000000000000e+00  2.0572916666669661e-01  9.9999999999923428e-01
57    4.1666666666639336e-03  2.0572916666669661e-01  9.9999999999889044e-01
58    2.1354166666660786e-02  2.0572916666669663e-01  9.9999999999865619e-01
59    4.7916666666665698e-02  2.0572916666669663e-01  9.9999999999851552e-01
60    8.2291666666678642e-02  2.0572916666669661e-01  9.9999999999846867e-01
61    1.2291666666669462e-01  2.0572916666669658e-01  9.9999999999851552e-01
62    1.6822916666670509e-01  2.0572916666669663e-01  9.9999999999865619e-01
63    2.1666666666669951e-01  2.0572916666669658e-01  9.9999999999889055e-01
64    2.5000000000001465e-01  2.0572916666669661e-01  9.9999999999910927e-01
65    2.6666666666666672e-01  2.0572916666669661e-01  9.9999999999923428e-01
66    0.0000000000000000e+00  3.0729166666673652e-01  9.9999999999928113e-01
67    0.0000000000000000e+00  3.0729166666673652e-01  9.9999999999928113e-01
68    4.1666666666639336e-03  3.0729166666673652e-01  9.9999999999893729e-01
69    2.1354166666660786e-02  3.0729166666673657e-01  9.9999999999870304e-01
70    4.7916666666665698e-02  3.0729166666673657e-01  9.9999999999856248e-01
71    8.2291666666678656e-02  3.0729166666673657e-01  9.9999999999851541e-01
72    1.2291666666669461e-01  3.0729166666673652e-01  9.9999999999856248e-01
73    1.6822916666670512e-01  3.0729166666673646e-01  9.9999999999870326e-01
74    2.1666666666669948e-01  3.0729166666673652e-01  9.9999999999893752e-01
75    2.5000000000001471e-01  3.0729166666673652e-01  9.9999999999915612e-01
76    2.6666666666666672e-01  3.0729166666673652e-01  9.9999999999928113e-01
77    0.0000000000000000e+00  4.2057291666676283e-01  9.9999999999942180e-01
78    0.0000000000000000e+00  4.2057291666676283e-01  9.9999999999942180e-01
79    4.1666666666639336e-03  4.2057291666676272e-01  9.9999999999907807e-01
80    2.1354166666660786e-02  4.2057291666676272e-01  9.9999999999884370e-01
81    4.7916666666665698e-02  4.2057291666676277e-01  9.9999999999870304e-01
82    8.2291666666678656e-02  4.2057291666676277e-01  9.9999999999865608e-01
83    1.2291666666669462e-01  4.2057291666676266e-01  9.9999999999870304e-01
84    1.6822916666670512e-01  4.2057291666676266e-01  9.9999999999884381e-01
85    2.1666666666669954e-01  4.2057291666676272e-01  9.9999999999907807e-01
86    2.5000000000001465e-01  4.2057291666676272e-01  9.9999999999929678e-01
87    2.6666666666666677e-01  4.2057291666676283e-01  9.9999999999942180e-01
88    0.0000000000000000e+00  5.4166666666674879e-01  9.9999999999965627e-01
89    0.0000000000000000e+00  5.4166666666674879e-01  9.9999999999965627e-01
90    4.1666666666639327e-03  5.4166666666674879e-01  9.9999999999931233e-01
91    2.1354166666660786e-02  5.4166666666674879e-01  9.9999999999907807e-01
92    4.7916666666665705e-02  5.4166666666674879e-01  9.9999999999893741e-01
93    8.2291666666678642e-02  5.4166666666674879e-01  9.9999999999889055e-01
94    1.2291666666669464e-01  5.4166666666674868e-01  9.9999999999893741e-01
95    1.6822916666670512e-01  5.4166666666674879e-01  9.9999999999907807e-01
96    2.1666666666669951e-01  5.4166666666674879e-01  9.9999999999931244e-01
97    2.5000000000001465e-01  5.4166666666674868e-01  9.9999999999953126e-01
98    2.6666666666666672e-01  5.4166666666674879e-01  9.9999999999965627e-01
99    0.0000000000000000e+00  6.2500000000003653e-01  9.9999999999987499e-01
100   0.0000000000000000e+00  6.2500000000003653e-01  9.9999999999987499e-01
101   4.1666666666639327e-03  6.2500000000003642e-01  9.9999999999953126e-01
102   2.1354166666660786e-02  6.2500000000003653e-01  9.9999999999929678e-01
103   4.7916666666665705e-02  6.2500000000003664e-01  9.9999999999915612e-01
104   8.2291666666678656e-02  6.2500000000003653e-01  9.9999999999910927e-01
105   1.2291666666669464e-01  6.2500000000003653e-01  9.9999999999915612e-01
106   1.6822916666670512e-01  6.2500000000003653e-01  9.9999999999929678e-01
107   2.1666666666669951e-01  6.2500000000003653e-01  9.9999999999953126e-01
108   2.5000000000001465e-01  6.2500000000003653e-01  9.9999999999974998e-01
109   2.6666666666666677e-01  6.2500000000003653e-01  9.9999999999987499e-01
110   0.0000000000000000e+00  6.6666666666666674e-01  1.0000000000000000e+00
111   0.0000000000000000e+00  6.6666666666666674e-01  1.0000000000000000e+00
112   4.1666666666639327e-03  6.6666666666666663e-01  9.9999999999965627e-01
113   2.1354166666660786e-02  6.6666666666666674e-01  9.9999999999942180e-01
114   4.7916666666665705e-02  6.6666666666666685e-01  9.9999999999928113e-01
115   8.2291666666678656e-02  6.6666666666666674e-01  9.9999999999923428e-01
116   1.2291666666669464e-01  6.6666666666666674e-01  9.9999999999928113e-01
117   1.6822916666670515e-01  6.6666666666666674e-01  9.9999999999942180e-01
118   2.1666666666669951e-01  6.6666666666666674e-01  9.9999999999965627e-01
119   2.5000000000001465e-01  6.6666666666666674e-01  9.9999999999987499e-01
120   2.6666666666666672e-01  6.6666666666666674e-01  1.0000000000000000e+00

10   0    0.000000e+00
21   0    0.000000e+00
32   0    0.000000e+00
43   0    0.000000e+00
54   0    0.000000e+00
65   0    0.000000e+00
76   0    0.000000e+00
87   0    0.000000e+00
98   0    0.000000e+00
109  0    0.000000e+00
110  0    0.000000e+00
111  0    0.000000e+00
112  0    0.000000e+00
113  0    0.000000e+00
114  0    0.000000e+00
115  0    0.000000e+00
116  0    0.000000e+00
117  0    0.000000e+00
118  0    0.000000e+00
119  0    0.000000e+00
120  0    0.000000e+00
0    1    0.000000e+00
1    1    0.000000e+00
2    1    0.000000e+00
3    1    0.000000e+00
4    1    0.000000e+00
5    1    0.000000e+00
6    1    0.000000e+00
7    1    0.000000e+00
8    1    0.000000e+00
9    1    0.000000e+00
10   1    0.000000e+00
21   1    0.000000e+00
32   1    0.000000e+00
43   1    0.000000e+00
54   1    0.000000e+00
65   1    0.000000e+00
76   1    0.000000e+00
87   1    0.000000e+00
98   1    0.000000e+00
109  1    0.000000e+00
120  1    0.000000e+00

