2

210000  3.000000e-01

1

66

3    3    

10    15    

6    11   

0    1    2    3    4    5    6    7    8    9    10   11   12   13   14   15   16   17   18   19   20   21   22   23   24   25   26   27   28   29   30   31   32   33   34   35   36   37   38   39   40   41   42   43   44   45   46   47   48   49   50   51   52   53   54   55   56   57   58   59   60   61   62   63   64   65 

32   0   0

0.0    0.0    0.0    0.0    0.333333333333    0.666666666667    1.0    1.0    1.0    1.0    
0.0    0.0    0.0    0.0    0.125    0.25    0.375    0.5    0.625    0.75    0.875    1.0    1.0    1.0    1.0    

10   0    0.000000e+00
21   0    0.000000e+00
32   0    0.000000e+00
43   0    0.000000e+00
54   0    0.000000e+00
55   0    0.000000e+00
56   0    0.000000e+00
57   0    0.000000e+00
58   0    0.000000e+00
59   0    0.000000e+00
60   0    0.000000e+00
61   0    0.000000e+00
62   0    0.000000e+00
63   0    0.000000e+00
64   0    0.000000e+00
65   0    0.000000e+00
0    1    0.000000e+00
1    1    0.000000e+00
2    1    0.000000e+00
3    1    0.000000e+00
4    1    0.000000e+00
5    1    0.000000e+00
6    1    0.000000e+00
7    1    0.000000e+00
8    1    0.000000e+00
9    1    0.000000e+00
10   1    0.000000e+00
21   1    0.000000e+00
32   1    0.000000e+00
43   1    0.000000e+00
54   1    0.000000e+00
65   1    0.000000e+00

0

1

9

2  2

6  6

3  3

0  1  2  3  4  5  6  7  8

0 0  0

0.0000000000000000e+00  0.0000000000000000e+00  0.0000000000000000e+00  1.0000000000000000e+00  1.0000000000000000e+00  1.0000000000000000e+00
0.0000000000000000e+00  0.0000000000000000e+00  0.0000000000000000e+00  1.0000000000000000e+00  1.0000000000000000e+00  1.0000000000000000e+00

0   0.0000000000000000e+00  0.0000000000000000e+00  1.0000000000000000e+00
1   2.0000000000000001e-01  0.0000000000000000e+00  1.0000000000000000e+00
2   3.7500000000000000e-01  0.0000000000000000e+00  1.0000000000000000e+00
3   0.0000000000000000e+00  5.0000000000000000e-01  1.0000000000000000e+00
4   2.0000000000000001e-01  5.0000000000000000e-01  1.0000000000000000e+00
5   3.7500000000000000e-01  5.0000000000000000e-01  1.0000000000000000e+00
6   0.0000000000000000e+00  1.0000000000000000e+00  1.0000000000000000e+00
7   2.0000000000000001e-01  1.0000000000000000e+00  1.0000000000000000e+00
8   3.7500000000000000e-01  1.0000000000000000e+00  1.0000000000000000e+00