2

3    3    

10    15    

11    6    

0.0    0.0    0.0    0.0    0.333333333333    0.666666666667    1.0    1.0    1.0    1.0    
0.0    0.0    0.0    0.0    0.125    0.25    0.375    0.5    0.625    0.75    0.875    1.0    1.0    1.0    1.0    

0 0.000000000000000e+00   0.000000000000000e+00   1.000000000000000e+00
1 4.166666666666670e-02   0.000000000000000e+00   1.000000000000000e+00
2 1.250000000000000e-01   0.000000000000000e+00   1.000000000000000e+00
3 2.500000000000000e-01   0.000000000000000e+00   1.000000000000000e+00
4 3.333333333333330e-01   0.000000000000000e+00   1.000000000000000e+00
5 3.750000000000000e-01   0.000000000000000e+00   1.000000000000000e+00
6 0.000000000000000e+00   4.166666666666670e-02   1.000000000000000e+00
7 4.166666666666670e-02   4.166666666666670e-02   1.000000000000000e+00
8 1.250000000000000e-01   4.166666666666670e-02   1.000000000000000e+00
9 2.500000000000000e-01   4.166666666666670e-02   1.000000000000000e+00
10 3.333333333333330e-01   4.166666666666670e-02   1.000000000000000e+00
11 3.750000000000000e-01   4.166666666666670e-02   1.000000000000000e+00
12 0.000000000000000e+00   1.250000000000000e-01   1.000000000000000e+00
13 4.166666666666670e-02   1.250000000000000e-01   1.000000000000000e+00
14 1.250000000000000e-01   1.250000000000000e-01   1.000000000000000e+00
15 2.500000000000000e-01   1.250000000000000e-01   1.000000000000000e+00
16 3.333333333333330e-01   1.250000000000000e-01   1.000000000000000e+00
17 3.750000000000000e-01   1.250000000000000e-01   1.000000000000000e+00
18 0.000000000000000e+00   2.500000000000000e-01   1.000000000000000e+00
19 4.166666666666670e-02   2.500000000000000e-01   1.000000000000000e+00
20 1.250000000000000e-01   2.500000000000000e-01   1.000000000000000e+00
21 2.500000000000000e-01   2.500000000000000e-01   1.000000000000000e+00
22 3.333333333333330e-01   2.500000000000000e-01   1.000000000000000e+00
23 3.750000000000000e-01   2.500000000000000e-01   1.000000000000000e+00
24 0.000000000000000e+00   3.750000000000000e-01   1.000000000000000e+00
25 4.166666666666670e-02   3.750000000000000e-01   1.000000000000000e+00
26 1.250000000000000e-01   3.750000000000000e-01   1.000000000000000e+00
27 2.500000000000000e-01   3.750000000000000e-01   1.000000000000000e+00
28 3.333333333333330e-01   3.750000000000000e-01   1.000000000000000e+00
29 3.750000000000000e-01   3.750000000000000e-01   1.000000000000000e+00
30 0.000000000000000e+00   5.000000000000000e-01   1.000000000000000e+00
31 4.166666666666670e-02   5.000000000000000e-01   1.000000000000000e+00
32 1.250000000000000e-01   5.000000000000000e-01   1.000000000000000e+00
33 2.500000000000000e-01   5.000000000000000e-01   1.000000000000000e+00
34 3.333333333333330e-01   5.000000000000000e-01   1.000000000000000e+00
35 3.750000000000000e-01   5.000000000000000e-01   1.000000000000000e+00
36 0.000000000000000e+00   6.250000000000000e-01   1.000000000000000e+00
37 4.166666666666670e-02   6.250000000000000e-01   1.000000000000000e+00
38 1.250000000000000e-01   6.250000000000000e-01   1.000000000000000e+00
39 2.500000000000000e-01   6.250000000000000e-01   1.000000000000000e+00
40 3.333333333333330e-01   6.250000000000000e-01   1.000000000000000e+00
41 3.750000000000000e-01   6.250000000000000e-01   1.000000000000000e+00
42 0.000000000000000e+00   7.500000000000000e-01   1.000000000000000e+00
43 4.166666666666670e-02   7.500000000000000e-01   1.000000000000000e+00
44 1.250000000000000e-01   7.500000000000000e-01   1.000000000000000e+00
45 2.500000000000000e-01   7.500000000000000e-01   1.000000000000000e+00
46 3.333333333333330e-01   7.500000000000000e-01   1.000000000000000e+00
47 3.750000000000000e-01   7.500000000000000e-01   1.000000000000000e+00
48 0.000000000000000e+00   8.750000000000000e-01   1.000000000000000e+00
49 4.166666666666670e-02   8.750000000000000e-01   1.000000000000000e+00
50 1.250000000000000e-01   8.750000000000000e-01   1.000000000000000e+00
51 2.500000000000000e-01   8.750000000000000e-01   1.000000000000000e+00
52 3.333333333333330e-01   8.750000000000000e-01   1.000000000000000e+00
53 3.750000000000000e-01   8.750000000000000e-01   1.000000000000000e+00
54 0.000000000000000e+00   9.583333333333330e-01   1.000000000000000e+00
55 4.166666666666670e-02   9.583333333333330e-01   1.000000000000000e+00
56 1.250000000000000e-01   9.583333333333330e-01   1.000000000000000e+00
57 2.500000000000000e-01   9.583333333333330e-01   1.000000000000000e+00
58 3.333333333333330e-01   9.583333333333330e-01   1.000000000000000e+00
59 3.750000000000000e-01   9.583333333333330e-01   1.000000000000000e+00
60 0.000000000000000e+00   1.000000000000000e+00   1.000000000000000e+00
61 4.166666666666670e-02   1.000000000000000e+00   1.000000000000000e+00
62 1.250000000000000e-01   1.000000000000000e+00   1.000000000000000e+00
63 2.500000000000000e-01   1.000000000000000e+00   1.000000000000000e+00
64 3.333333333333330e-01   1.000000000000000e+00   1.000000000000000e+00
65 3.750000000000000e-01   1.000000000000000e+00   1.000000000000000e+00

0 0 

0 0 

0 0 

