2

210000  3.000000e-01

1

121

3    3

15   15

11   11

0    1    2    3    4    5    6    7    8    9    10   11   12   13   14   15   16   17   18   19   20   21   22   23   24   25   26   27   28   29   30   31   32   33   34   35   36   37   38   39   40   41   42   43   44   45   46   47   48   49   50   51   52   53   54   55   56   57   58   59   60   61   62   63   64   65   66   67   68   69   70   71   72   73   74   75   76   77   78   79   80   81   82   83   84   85   86   87   88   89   90   91   92   93   94   95   96   97   98   99   100  101  102  103  104  105  106  107  108  109  110  111  112  113  114  115  116  117  118  119  120

22   0    0

0.0000000000000000e+00  0.0000000000000000e+00  0.0000000000000000e+00  0.0000000000000000e+00  1.2500000000000000e-01  2.5000000000000000e-01  3.7500000000000000e-01  5.0000000000000000e-01  6.2500000000000000e-01  7.5000000000000000e-01  8.7500000000000000e-01  1.0000000000000000e+00  1.0000000000000000e+00  1.0000000000000000e+00  1.0000000000000000e+00
0.0000000000000000e+00  0.0000000000000000e+00  0.0000000000000000e+00  0.0000000000000000e+00  1.2500000000000000e-01  2.5000000000000000e-01  3.7500000000000000e-01  5.0000000000000000e-01  6.2500000000000000e-01  7.5000000000000000e-01  8.7500000000000000e-01  1.0000000000000000e+00  1.0000000000000000e+00  1.0000000000000000e+00  1.0000000000000000e+00

0     5.0000000000000000e+00  0.0000000000000000e+00  1.0000000000000000e+00
1     6.0416666666666696e+00  0.0000000000000000e+00  1.0000000000000000e+00
2     8.1250000000000107e+00  0.0000000000000000e+00  1.0000000000000000e+00
3     1.1250000000000000e+01  0.0000000000000000e+00  1.0000000000000000e+00
4     1.4375000000000000e+01  0.0000000000000000e+00  1.0000000000000000e+00
5     1.7500000000000000e+01  0.0000000000000000e+00  1.0000000000000000e+00
6     2.0625000000000000e+01  0.0000000000000000e+00  1.0000000000000000e+00
7     2.3750000000000000e+01  0.0000000000000000e+00  1.0000000000000000e+00
8     2.6875000000000000e+01  0.0000000000000000e+00  1.0000000000000000e+00
9     2.8958333333333300e+01  0.0000000000000000e+00  1.0000000000000000e+00
10    3.0000000000000000e+01  0.0000000000000000e+00  1.0000000000000000e+00
11    5.0000000000000000e+00  3.0199894576979303e-01  9.7559223176554599e-01
12    6.0492598312787198e+00  3.7101633553412899e-01  9.7660922210864798e-01
13    8.1455671830309804e+00  5.0912172309841297e-01  9.7864320279485195e-01
14    1.1286690049656301e+01  7.8275701182601898e-01  9.8169417382415902e-01
15    1.4421258356986600e+01  1.1878851294098001e+00  9.8474514485346598e-01
16    1.7549332839530500e+01  1.7889317321156499e+00  9.8779611588277305e-01
17    2.0670973483752601e+01  2.6495289700734999e+00  9.9084708691208001e-01
18    2.3786239539555499e+01  3.8325276664149102e+00  9.9389805794138597e-01
19    2.6895189531549700e+01  5.4000092727791396e+00  9.9694902897069304e-01
20    2.8965756437143298e+01  6.7435678810322299e+00  9.9898300965689801e-01
21    3.0000000000000000e+01  7.5000000000000000e+00  1.0000000000000000e+00
22    4.9441692292568797e+00  9.2435373575238400e-01  9.3287863735525101e-01
23    5.9956796893751401e+00  1.1355338973627300e+00  9.3567536079878200e-01
24    8.1162532503118108e+00  1.5814704164953099e+00  9.4126880768584398e-01
25    1.1335539037339700e+01  2.4527849197059202e+00  9.4965897801643795e-01
26    1.4560484161147800e+01  3.6490527395041399e+00  9.5804914834703103e-01
27    1.7768665262232499e+01  5.2904977105611897e+00  9.6643931867762500e-01
28    2.0938430955298202e+01  7.4932046936576899e+00  9.7482948900821897e-01
29    2.4048868891575601e+01  1.0369296172518499e+01  9.8321965933881295e-01
30    2.7079774493287701e+01  1.4027099885361800e+01  9.9160982966940603e-01
31    2.9039820713011199e+01  1.7065068331163801e+01  9.9720327655646901e-01
32    3.0000000000000000e+01  1.8750000000000000e+01  1.0000000000000000e+00
33    4.6770896298434899e+00  1.8589627630230099e+00  8.8711407191564895e-01
34    5.6888769739777896e+00  2.2820120958033199e+00  8.9181765225249598e-01
35    7.8021143398957102e+00  3.2260084132141702e+00  9.0122481292619205e-01
36    1.1161490966817899e+01  5.0191538209772704e+00  9.1533555393673605e-01
37    1.4599579920657300e+01  7.2490494924210997e+00  9.2944629494728004e-01
38    1.8028002986743200e+01  9.9787882217598103e+00  9.4355703595782403e-01
39    2.1363590780139599e+01  1.3267744244015301e+01  9.5766777696836802e-01
40    2.4528004570752799e+01  1.7171843212304900e+01  9.7177851797891202e-01
41    2.7447390584669801e+01  2.1743808990499200e+01  9.8588925898945601e-01
42    2.9192045368079199e+01  2.5286861061095500e+01  9.9529641966315197e-01
43    3.0000000000000000e+01  2.7187500000000000e+01  1.0000000000000000e+00
44    4.2123781385213404e+00  2.7583070096376701e+00  8.5965533265188698e-01
45    5.1378573347175500e+00  3.3809131603912101e+00  8.6550302712472504e-01
46    7.1579010305803799e+00  4.8006453753010900e+00  8.7719841607040105e-01
47    1.0553779698129199e+01  7.4146474383249501e+00  8.9474149948891502e-01
48    1.4136308831104101e+01  1.0439539909673700e+01  9.1228458290742898e-01
49    1.7758902947004099e+01  1.3820750431844100e+01  9.2982766632594305e-01
50    2.1285834240105999e+01  1.7507748855392698e+01  9.4737074974445801e-01
51    2.4591245565200602e+01  2.1453679782325899e+01  9.6491383316297197e-01
52    2.7558269168307501e+01  2.5615034478067798e+01  9.8245691658148604e-01
53    2.9248130300018701e+01  2.8522920801794299e+01  9.9415230552716205e-01
54    3.0000000000000000e+01  3.0000000000000000e+01  1.0000000000000000e+00
55    3.5608996456931599e+00  3.5608996456931501e+00  8.5050241956396699e-01
56    4.3538476455361304e+00  4.3556625187662803e+00  8.5673148541546795e-01
57    6.1523166132502096e+00  6.1569969419117596e+00  8.6918961711847098e-01
58    9.3419250672466898e+00  9.3490006348895900e+00  8.8787681467297497e-01
59    1.2839429733587700e+01  1.2847343571452701e+01  9.0656401222747895e-01
60    1.6493849184461901e+01  1.6501391285331302e+01  9.2525120978198305e-01
61    2.0166157940652099e+01  2.0172437783587501e+01  9.4393840733648804e-01
62    2.3728125983116101e+01  2.3732547725046000e+01  9.6262560489099203e-01
63    2.7061290860063700e+01  2.7063530889511501e+01  9.8131280244549601e-01
64    2.9070307949543100e+01  2.9071036268214300e+01  9.9377093414849904e-01
65    3.0000000000000000e+01  3.0000000000000000e+01  1.0000000000000000e+00
66    2.7583070096376701e+00  4.2123781385213404e+00  8.5965533265188698e-01
67    3.3773202000211500e+00  5.1385759267915603e+00  8.6550302712472504e-01
68    4.7913701805383102e+00  7.1597560695329303e+00  8.7719841607040105e-01
69    7.4006048741555901e+00  1.0556588210963101e+01  8.9474149948891502e-01
70    1.0423811482949400e+01  1.4139454516449000e+01  9.1228458290742998e-01
71    1.3805740472028001e+01  1.7761904938967302e+01  9.2982766632594405e-01
72    1.7495234673504900e+01  2.1288337076483600e+01  9.4737074974445801e-01
73    2.1444857270193499e+01  2.4593010067627102e+01  9.6491383316297197e-01
74    2.5610559636397198e+01  2.7559164136641702e+01  9.8245691658148604e-01
75    2.8521464723239500e+01  2.9248421515729699e+01  9.9415230552716205e-01
76    3.0000000000000000e+01  3.0000000000000000e+01  1.0000000000000000e+00
77    1.8589627630230099e+00  4.6770896298434899e+00  8.8711407191564895e-01
78    2.2773047216076598e+00  5.6890513211702203e+00  8.9181765225249598e-01
79    3.2138207202531701e+00  7.8025657359313003e+00  9.0122481292619205e-01
80    5.0006228816171996e+00  1.1162177297905300e+01  9.1533555393673605e-01
81    7.2282081788948203e+00  1.4600351821158300e+01  9.2944629494728004e-01
82    9.9588196223461498e+00  1.8028742564499300e+01  9.4355703595782403e-01
83    1.3251031747553100e+01  2.1364209761490098e+01  9.5766777696836802e-01
84    1.7160016956437900e+01  2.4528442580229299e+01  9.7177851797891202e-01
85    2.1737788985921298e+01  2.7447613547802298e+01  9.8588925898945601e-01
86    2.5284897614666900e+01  2.9192118088317301e+01  9.9529641966315197e-01
87    2.7187500000000000e+01  3.0000000000000000e+01  1.0000000000000000e+00
88    9.2435373575238400e-01  4.9441692292568797e+00  9.3287863735525001e-01
89    1.1315456960609800e+00  5.9956796893751401e+00  9.3567536079878200e-01
90    1.5710977967868300e+00  8.1162532503118108e+00  9.4126880768584398e-01
91    2.4369083174150901e+00  1.1335539037339700e+01  9.4965897801643795e-01
92    3.6310802153528998e+00  1.4560484161147800e+01  9.5804914834703103e-01
93    5.2731681061409201e+00  1.7768665262232499e+01  9.6643931867762500e-01
94    7.4786106707917499e+00  2.0938430955298202e+01  9.7482948900821897e-01
95    1.0358906269608401e+01  2.4048868891575601e+01  9.8321965933881295e-01
96    1.4021779640622301e+01  2.7079774493287701e+01  9.9160982966940603e-01
97    1.7063326382793200e+01  2.9039820713011199e+01  9.9720327655646901e-01
98    1.8750000000000000e+01  3.0000000000000000e+01  1.0000000000000000e+00
99    3.0199894576979402e-01  5.0000000000000000e+00  9.7559223176554599e-01
100   3.6931809608482902e-01  6.0492598312787198e+00  9.7660922210864798e-01
101   5.0468772787922800e-01  8.1455671830309804e+00  9.7864320279485195e-01
102   7.7593100823259398e-01  1.1286690049656301e+01  9.8169417382415902e-01
103   1.1801138862401701e+00  1.4421258356986600e+01  9.8474514485346598e-01
104   1.7813962089805999e+00  1.7549332839530500e+01  9.8779611588277305e-01
105   2.6431475912665698e+00  2.0670973483752601e+01  9.9084708691208001e-01
106   3.8279595445333099e+00  2.3786239539555499e+01  9.9389805794138597e-01
107   5.3976573830183101e+00  2.6895189531549800e+01  9.9694902897069304e-01
108   6.7427950610271701e+00  2.8965756437143298e+01  9.9898300965689801e-01
109   7.5000000000000000e+00  3.0000000000000000e+01  1.0000000000000000e+00
110   1.5308084989341901e-16  5.0000000000000000e+00  1.0000000000000000e+00
111   1.8497269362121499e-16  6.0416666666666696e+00  1.0000000000000000e+00
112   2.4875638107680602e-16  8.1250000000000107e+00  1.0000000000000000e+00
113   3.4443191226019300e-16  1.1250000000000000e+01  1.0000000000000000e+00
114   4.4010744344357998e-16  1.4375000000000000e+01  1.0000000000000000e+00
115   5.3578297462696696e-16  1.7500000000000000e+01  1.0000000000000000e+00
116   6.3145850581035400e-16  2.0625000000000000e+01  1.0000000000000000e+00
117   7.2713403699374103e-16  2.3750000000000000e+01  1.0000000000000000e+00
118   8.2280956817712796e-16  2.6875000000000000e+01  1.0000000000000000e+00
119   8.8659325563271899e-16  2.8958333333333300e+01  1.0000000000000000e+00
120   9.1848509936051499e-16  3.0000000000000000e+01  1.0000000000000000e+00

110  0    0.000000e+00
111  0    0.000000e+00
112  0    0.000000e+00
113  0    0.000000e+00
114  0    0.000000e+00
115  0    0.000000e+00
116  0    0.000000e+00
117  0    0.000000e+00
118  0    0.000000e+00
119  0    0.000000e+00
120  0    0.000000e+00
0    1    0.000000e+00
1    1    0.000000e+00
2    1    0.000000e+00
3    1    0.000000e+00
4    1    0.000000e+00
5    1    0.000000e+00
6    1    0.000000e+00
7    1    0.000000e+00
8    1    0.000000e+00
9    1    0.000000e+00
10   1    0.000000e+00

2    0    1    1.000000e+00  0.000000e+00  1.000000e+00  1.000000e+00  0.000000e+00  0.000000e+00